basic_info,customers,analysis_texts,accounts,evidences
"{""case_id"":""AML-HIST-005191"",""case_name"":""文化传媒领域关联账户协同交易风险案例005191"",""case_description"":""本案涉及卫雅婷、韩泽宇等2名客户，2024-08-14至2024-08-27期间，5个关联账户累计发生9笔重点交易、金额4712369.00元，呈现关联账户协同交易、贴近报告阈值刻意规避等2组相互独立的可疑模式；相关资金形成可逐笔复核的多段行为链，现已提高客户风险等级并开展增强尽职调查。"",""business_domain"":""反洗钱与资金链风险识别"",""case_type"":""多模式异常资金链历史案例"",""submission_direction"":""01"",""case_trigger"":""01"",""urgency"":""02"",""report_date"":""2024-09-08"",""case_status"":""03"",""risk_level"":""02"",""suspected_crime_type"":""1002"",""suspicious_transaction_codes"":""ET012、ET053"",""suspicious_pattern_details"":[{""event_id"":""0000001"",""event_type_id"":""ET012"",""event_type"":""关联账户协同交易"",""event_name"":""卫雅婷控制的账户实施关联账户协同交易相关行为"",""subject_entity_id"":""CUST-HIST-005191-A"",""subject_name"":""卫雅婷"",""account_ids"":[""ACCT-HIST-005191-00"",""ACCT-HIST-005191-01"",""ACCT-HIST-005191-02""],""account_numbers"":[""622202100000088247"",""622202100000088248"",""622202100000088249""],""event_start_date"":""2024-08-14"",""event_end_date"":""2024-08-18"",""total_amount_cny"":2347529,""transaction_ids"":[""TX-AML-HIST-005191-01-001"",""TX-AML-HIST-005191-01-002"",""TX-AML-HIST-005191-01-003"",""TX-AML-HIST-005191-01-004"",""TX-AML-HIST-005191-01-005""],""behavior_chain"":""关联客户账户交叉收付并共同使用登录设备，形成协同资金链。具体顺序为：622202100000088247于2024-08-14向622202100000088248转账657308.12元，随后622202100000088248于2024-08-15向622202100000088249转账563406.96元，随后622202100000088249于2024-08-16向622202100000088247转账469505.80元，随后622202100000088247于2024-08-17向622202100000088249转账375604.64元，随后622202100000088248于2024-08-18向622202100000088247转账281703.48元。"",""fact"":""多个关联账户使用相同设备与网络地址协同完成资金转移"",""risk_indicator"":""共享设备账户数、共同网络地址和交叉交易次数；累计金额2347529.00元，交易5笔，资金最长停留9小时，共同设备关联5个账户"",""source_fact_summary"":""交易流水TX-AML-HIST-005191-01-001、TX-AML-HIST-005191-01-002、TX-AML-HIST-005191-01-003、TX-AML-HIST-005191-01-004、TX-AML-HIST-005191-01-005可与账户开户资料、登录设备日志、付款用途及业务凭证逐项对应；其中TX-AML-HIST-005191-01-001至TX-AML-HIST-005191-01-005共同构成该模式的完整资金链。""},{""event_id"":""0000002"",""event_type_id"":""ET053"",""event_type"":""贴近报告阈值刻意规避"",""event_name"":""韩泽宇控制的账户实施贴近报告阈值刻意规避相关行为"",""subject_entity_id"":""CUST-HIST-005191-B"",""subject_name"":""韩泽宇"",""account_ids"":[""ACCT-HIST-005191-03"",""ACCT-HIST-005191-04""],""account_numbers"":[""622202100000088250"",""622202100000088251""],""event_start_date"":""2024-08-24"",""event_end_date"":""2024-08-27"",""total_amount_cny"":2364840,""transaction_ids"":[""TX-AML-HIST-005191-02-001"",""TX-AML-HIST-005191-02-002"",""TX-AML-HIST-005191-02-003"",""TX-AML-HIST-005191-02-004""],""behavior_chain"":""付款账户分笔向中转账户转账，再由中转账户统一划出。具体顺序为：622202100000088250于2024-08-24向622202100000088251转账788280.00元，随后622202100000088251于2024-08-25向622202100000088250转账656900.00元，随后622202100000088250于2024-08-26向622202100000088250转账525520.00元，随后622202100000088251于2024-08-27向622202100000088251转账394140.00元。"",""fact"":""多笔交易金额持续贴近机构内部监测阈值且由同一控制网络操作"",""risk_indicator"":""阈值附近交易笔数、时间间隔和共同控制信息；累计金额2364840.00元，交易4笔，资金最长停留10小时，共同设备关联2个账户"",""source_fact_summary"":""交易流水TX-AML-HIST-005191-02-001、TX-AML-HIST-005191-02-002、TX-AML-HIST-005191-02-003、TX-AML-HIST-005191-02-004可与账户开户资料、登录设备日志、付款用途及业务凭证逐项对应；其中TX-AML-HIST-005191-02-001至TX-AML-HIST-005191-02-004共同构成该模式的完整资金链。""}],""disposition_measures"":""提高客户风险等级、发起增强尽职调查、设置交易复核"",""province"":""郑州市"",""stat_window_start"":""2024-08-14"",""stat_window_end"":""2024-08-27"",""shared_device_id"":""DEV-AML-HIST-005191-SHARED"",""structured_transaction_summary"":{""stat_window_days"":14,""customer_count"":2,""account_count"":5,""tx_cnt_30d"":9,""in_tx_cnt_30d"":5,""out_tx_cnt_30d"":4,""tx_cirmb_amt_sum_30d"":4712369,""in_cirmb_amt_sum_30d"":2403308.19,""out_cirmb_amt_sum_30d"":2309060.81,""night_tx_cnt_30d"":0,""night_tx_ratio"":0,""counterparty_cnt_30d"":19,""currency_cnt_30d"":1}}","[{""entity_id"":""CUST-HIST-005191-A"",""customer_name"":""卫雅婷"",""customer_number"":""C1000051910"",""id_type"":""居民身份证"",""id_number"":""610119975052361"",""occupation_industry"":""文化传媒"",""nationality"":""中国"",""address"":""郑州市高新区建设路31号"",""customer_risk_level"":""高风险"",""legal_representative_name"":""卫雅婷"",""legal_representative_id_type"":""居民身份证"",""legal_representative_id_number"":""610119975052361"",""controller_name"":""卫雅婷"",""controller_id_type"":""居民身份证"",""controller_id_number"":""610120035154907""},{""entity_id"":""CUST-HIST-005191-B"",""customer_name"":""韩泽宇"",""customer_number"":""C1000051911"",""id_type"":""居民身份证"",""id_number"":""610119985069452"",""occupation_industry"":""企业财务与资金管理"",""nationality"":""中国"",""address"":""郑州市经开区建设路31号"",""customer_risk_level"":""较高风险"",""legal_representative_name"":"""",""legal_representative_id_type"":"""",""legal_representative_id_number"":"""",""controller_name"":""朱欣怡"",""controller_id_type"":""居民身份证"",""controller_id_number"":""610120045171998""}]","{""analysis_text1"":""【一】发现情况\n本案例由日常交易监测和客户风险复核触发。观察窗口为2024-08-14至2024-08-27，涉及2名客户、5个账户及9笔重点交易，收付累计金额4712369.00元。现有事实呈现关联账户协同交易、贴近报告阈值刻意规避等2组相互独立的可疑行为特征。上述内容属于待核验风险事实，不构成对违法犯罪的认定。\n\n【二】客户基本情况\n1. 卫雅婷（CUST-HIST-005191-A），客户号C1000051910，证件类型及号码为居民身份证610119975052361，职业或经营行业为文化传媒，常住或经营地址为郑州市高新区建设路31号，当前客户风险等级为高风险，登记实际控制人为卫雅婷。\n2. 韩泽宇（CUST-HIST-005191-B），客户号C1000051911，证件类型及号码为居民身份证610119985069452，职业或经营行业为企业财务与资金管理，常住或经营地址为郑州市经开区建设路31号，当前客户风险等级为较高风险，登记实际控制人为朱欣怡。\n客户与账户通过稳定实体标识对应，未将同名主体自行合并。现有客户资料能够支持身份、行业、地区和风险等级核验，收入规模、历史经营基线及受益所有权证明仍需进一步补充。\n\n【三】开户与整体交易\n本案账户情况如下：\n1. 卫雅婷名下账户ACCT-HIST-005191-00，账号622202100000088247，账户类型为对公基本存款账户，于2023年6月21日在中国邮政储蓄银行郑州市曲江支行开立，账户载体为单位结算卡。\n2. 韩泽宇名下账户ACCT-HIST-005191-01，账号622202100000088248，账户类型为个人活期结算账户，于2023年6月30日在中国邮政储蓄银行郑州市渝中支行开立，账户载体为借记卡。\n3. 卫雅婷名下账户ACCT-HIST-005191-02，账号622202100000088249，账户类型为个人活期结算账户，于2023年7月9日在中国邮政储蓄银行郑州市武昌支行开立，账户载体为借记卡。\n4. 韩泽宇名下账户ACCT-HIST-005191-03，账号622202100000088250，账户类型为对公基本存款账户，于2023年7月18日在中国邮政储蓄银行郑州市锦江支行开立，账户载体为单位结算卡。\n5. 卫雅婷名下账户ACCT-HIST-005191-04，账号622202100000088251，账户类型为个人活期结算账户，于2023年7月27日在中国邮政储蓄银行郑州市西湖支行开立，账户载体为借记卡。\n观察期内逐笔重点交易如下：\n1. 2024-08-14 08:11:07，流水TX-AML-HIST-005191-01-001，付款账号622202100000088247通过柜面转账向收款账号622202100000088248转账657308.12元，用途记载为项目款结算，交易对手名称为盛达咨询服务有限公司，操作设备DEV-AML-HIST-005191-1，网络地址172.171.10.21。\n2. 2024-08-15 10:12:08，流水TX-AML-HIST-005191-01-002，付款账号622202100000088248通过网上银行向收款账号622202100000088249转账563406.96元，用途记载为供应链采购款，交易对手名称为恒信商贸有限公司，操作设备DEV-AML-HIST-005191-1，网络地址172.171.10.22。\n3. 2024-08-16 12:13:09，流水TX-AML-HIST-005191-01-003，付款账号622202100000088249通过柜面转账向收款账号622202100000088247转账469505.80元，用途记载为咨询服务费，交易对手名称为嘉禾物流有限公司，操作设备DEV-AML-HIST-005191-1，网络地址172.171.10.23。\n4. 2024-08-17 14:14:10，流水TX-AML-HIST-005191-01-004，付款账号622202100000088247通过手机银行向收款账号622202100000088249转账375604.64元，用途记载为劳务服务费，交易对手名称为安泰工程有限公司，操作设备DEV-AML-HIST-005191-1，网络地址172.171.10.24。\n5. 2024-08-18 16:15:11，流水TX-AML-HIST-005191-01-005，付款账号622202100000088248通过柜面转账向收款账号622202100000088247转账281703.48元，用途记载为往来款，交易对手名称为瑞丰科技有限公司，操作设备DEV-AML-HIST-005191-1，网络地址172.171.10.25。\n6. 2024-08-24 09:11:07，流水TX-AML-HIST-005191-02-001，付款账号622202100000088250通过柜面转账向收款账号622202100000088251转账788280.00元，用途记载为项目款结算，交易对手名称为恒信商贸有限公司，操作设备DEV-AML-HIST-005191-2，网络地址172.171.11.21。\n7. 2024-08-25 11:12:08，流水TX-AML-HIST-005191-02-002，付款账号622202100000088251通过网上银行向收款账号622202100000088250转账656900.00元，用途记载为供应链采购款，交易对手名称为嘉禾物流有限公司，操作设备DEV-AML-HIST-005191-2，网络地址172.171.11.22。\n8. 2024-08-26 13:13:09，流水TX-AML-HIST-005191-02-003，付款账号622202100000088250通过柜面转账向收款账号622202100000088250转账525520.00元，用途记载为咨询服务费，交易对手名称为安泰工程有限公司，操作设备DEV-AML-HIST-005191-2，网络地址172.171.11.23。\n9. 2024-08-27 15:14:10，流水TX-AML-HIST-005191-02-004，付款账号622202100000088251通过手机银行向收款账号622202100000088251转账394140.00元，用途记载为劳务服务费，交易对手名称为瑞丰科技有限公司，操作设备DEV-AML-HIST-005191-2，网络地址172.171.11.24。\n全案观察期口径共发生9笔重点收付，其中收款5笔、付款4笔，累计金额4712369.00元；夜间交易0笔。上述流水均保留交易日期、时间、付款账户、收款账户、金额、渠道、用途、交易对手、设备和网络地址，可按流水号逐项复核。\n\n【四】资金来源与去向\n1. 卫雅婷控制的账户实施关联账户协同交易相关行为。该组事实对应关联账户协同交易，独立观察期间为2024-08-14至2024-08-18，独立涉及账户为622202100000088247（ACCT-HIST-005191-00）、622202100000088248（ACCT-HIST-005191-01）、622202100000088249（ACCT-HIST-005191-02），独立统计交易5笔、金额2347529.00元。行为链表现为：关联客户账户交叉收付并共同使用登录设备，形成协同资金链。具体顺序为：622202100000088247于2024-08-14向622202100000088248转账657308.12元，随后622202100000088248于2024-08-15向622202100000088249转账563406.96元，随后622202100000088249于2024-08-16向622202100000088247转账469505.80元，随后622202100000088247于2024-08-17向622202100000088249转账375604.64元，随后622202100000088248于2024-08-18向622202100000088247转账281703.48元。可复核逐笔流水为：TX-AML-HIST-005191-01-001（2024-08-14，622202100000088247向622202100000088248转账657308.12元）；TX-AML-HIST-005191-01-002（2024-08-15，622202100000088248向622202100000088249转账563406.96元）；TX-AML-HIST-005191-01-003（2024-08-16，622202100000088249向622202100000088247转账469505.80元）；TX-AML-HIST-005191-01-004（2024-08-17，622202100000088247向622202100000088249转账375604.64元）；TX-AML-HIST-005191-01-005（2024-08-18，622202100000088248向622202100000088247转账281703.48元）。多个关联账户使用相同设备与网络地址协同完成资金转移；结构化特征为共享设备账户数、共同网络地址和交叉交易次数；累计金额2347529.00元，交易5笔，资金最长停留9小时，共同设备关联5个账户。证据方面，交易流水TX-AML-HIST-005191-01-001、TX-AML-HIST-005191-01-002、TX-AML-HIST-005191-01-003、TX-AML-HIST-005191-01-004、TX-AML-HIST-005191-01-005可与账户开户资料、登录设备日志、付款用途及业务凭证逐项对应；其中TX-AML-HIST-005191-01-001至TX-AML-HIST-005191-01-005共同构成该模式的完整资金链。该模式单独统计、单独核验，不与其他模式合并计算。\n2. 韩泽宇控制的账户实施贴近报告阈值刻意规避相关行为。该组事实对应贴近报告阈值刻意规避，独立观察期间为2024-08-24至2024-08-27，独立涉及账户为622202100000088250（ACCT-HIST-005191-03）、622202100000088251（ACCT-HIST-005191-04），独立统计交易4笔、金额2364840.00元。行为链表现为：付款账户分笔向中转账户转账，再由中转账户统一划出。具体顺序为：622202100000088250于2024-08-24向622202100000088251转账788280.00元，随后622202100000088251于2024-08-25向622202100000088250转账656900.00元，随后622202100000088250于2024-08-26向622202100000088250转账525520.00元，随后622202100000088251于2024-08-27向622202100000088251转账394140.00元。可复核逐笔流水为：TX-AML-HIST-005191-02-001（2024-08-24，622202100000088250向622202100000088251转账788280.00元）；TX-AML-HIST-005191-02-002（2024-08-25，622202100000088251向622202100000088250转账656900.00元）；TX-AML-HIST-005191-02-003（2024-08-26，622202100000088250向622202100000088250转账525520.00元）；TX-AML-HIST-005191-02-004（2024-08-27，622202100000088251向622202100000088251转账394140.00元）。多笔交易金额持续贴近机构内部监测阈值且由同一控制网络操作；结构化特征为阈值附近交易笔数、时间间隔和共同控制信息；累计金额2364840.00元，交易4笔，资金最长停留10小时，共同设备关联2个账户。证据方面，交易流水TX-AML-HIST-005191-02-001、TX-AML-HIST-005191-02-002、TX-AML-HIST-005191-02-003、TX-AML-HIST-005191-02-004可与账户开户资料、登录设备日志、付款用途及业务凭证逐项对应；其中TX-AML-HIST-005191-02-001至TX-AML-HIST-005191-02-004共同构成该模式的完整资金链。该模式单独统计、单独核验，不与其他模式合并计算。\n\n【五】客户主体分析\n卫雅婷（CUST-HIST-005191-A）、韩泽宇（CUST-HIST-005191-B）在同一观察窗口内涉及上述账户资金链，交易规模、夜间操作、共享设备和账户间往来相互印证，提示账户可能被用于资金归集、中转或回流。现有材料同时不能排除集中结算、项目周期性付款、关联企业正常往来等替代解释。机构已提高客户风险等级、发起增强尽职调查并设置交易复核；后续应核对经营规模、合同发票、物流或服务成果、受益所有人、账户实际控制关系和资金最终用途。"",""analysis_text2"":""【一】案例概述\n本案涉及卫雅婷、韩泽宇等2名客户，2024-08-14至2024-08-27期间，5个关联账户累计发生9笔重点交易、金额4712369.00元，呈现关联账户协同交易、贴近报告阈值刻意规避等2组相互独立的可疑模式；相关资金形成可逐笔复核的多段行为链，现已提高客户风险等级并开展增强尽职调查。本案当前处于风险复核阶段，2组可疑模式均以独立账户集合、独立日期范围、独立金额及逐笔流水为依据，未将不同模式合并统计。\n\n【二】客户主体分析\n主要关注客户为卫雅婷（CUST-HIST-005191-A，文化传媒，高风险）、韩泽宇（CUST-HIST-005191-B，企业财务与资金管理，较高风险）。客户名下账户开户资料齐备，但现有交易规模和多段资金链需要与其实际经营范围、收入来源、账户声明用途及受益所有权材料进一步比对。基于现有资料只能形成风险关注方向，不能据此认定客户实施违法犯罪行为。\n\n【三】客户交易分析\n1. 资金交易方向\n1. 卫雅婷控制的账户实施关联账户协同交易相关行为。该组事实对应关联账户协同交易，独立观察期间为2024-08-14至2024-08-18，独立涉及账户为622202100000088247（ACCT-HIST-005191-00）、622202100000088248（ACCT-HIST-005191-01）、622202100000088249（ACCT-HIST-005191-02），独立统计交易5笔、金额2347529.00元。行为链表现为：关联客户账户交叉收付并共同使用登录设备，形成协同资金链。具体顺序为：622202100000088247于2024-08-14向622202100000088248转账657308.12元，随后622202100000088248于2024-08-15向622202100000088249转账563406.96元，随后622202100000088249于2024-08-16向622202100000088247转账469505.80元，随后622202100000088247于2024-08-17向622202100000088249转账375604.64元，随后622202100000088248于2024-08-18向622202100000088247转账281703.48元。可复核逐笔流水为：TX-AML-HIST-005191-01-001（2024-08-14，622202100000088247向622202100000088248转账657308.12元）；TX-AML-HIST-005191-01-002（2024-08-15，622202100000088248向622202100000088249转账563406.96元）；TX-AML-HIST-005191-01-003（2024-08-16，622202100000088249向622202100000088247转账469505.80元）；TX-AML-HIST-005191-01-004（2024-08-17，622202100000088247向622202100000088249转账375604.64元）；TX-AML-HIST-005191-01-005（2024-08-18，622202100000088248向622202100000088247转账281703.48元）。多个关联账户使用相同设备与网络地址协同完成资金转移；结构化特征为共享设备账户数、共同网络地址和交叉交易次数；累计金额2347529.00元，交易5笔，资金最长停留9小时，共同设备关联5个账户。证据方面，交易流水TX-AML-HIST-005191-01-001、TX-AML-HIST-005191-01-002、TX-AML-HIST-005191-01-003、TX-AML-HIST-005191-01-004、TX-AML-HIST-005191-01-005可与账户开户资料、登录设备日志、付款用途及业务凭证逐项对应；其中TX-AML-HIST-005191-01-001至TX-AML-HIST-005191-01-005共同构成该模式的完整资金链。该模式单独统计、单独核验，不与其他模式合并计算。\n2. 韩泽宇控制的账户实施贴近报告阈值刻意规避相关行为。该组事实对应贴近报告阈值刻意规避，独立观察期间为2024-08-24至2024-08-27，独立涉及账户为622202100000088250（ACCT-HIST-005191-03）、622202100000088251（ACCT-HIST-005191-04），独立统计交易4笔、金额2364840.00元。行为链表现为：付款账户分笔向中转账户转账，再由中转账户统一划出。具体顺序为：622202100000088250于2024-08-24向622202100000088251转账788280.00元，随后622202100000088251于2024-08-25向622202100000088250转账656900.00元，随后622202100000088250于2024-08-26向622202100000088250转账525520.00元，随后622202100000088251于2024-08-27向622202100000088251转账394140.00元。可复核逐笔流水为：TX-AML-HIST-005191-02-001（2024-08-24，622202100000088250向622202100000088251转账788280.00元）；TX-AML-HIST-005191-02-002（2024-08-25，622202100000088251向622202100000088250转账656900.00元）；TX-AML-HIST-005191-02-003（2024-08-26，622202100000088250向622202100000088250转账525520.00元）；TX-AML-HIST-005191-02-004（2024-08-27，622202100000088251向622202100000088251转账394140.00元）。多笔交易金额持续贴近机构内部监测阈值且由同一控制网络操作；结构化特征为阈值附近交易笔数、时间间隔和共同控制信息；累计金额2364840.00元，交易4笔，资金最长停留10小时，共同设备关联2个账户。证据方面，交易流水TX-AML-HIST-005191-02-001、TX-AML-HIST-005191-02-002、TX-AML-HIST-005191-02-003、TX-AML-HIST-005191-02-004可与账户开户资料、登录设备日志、付款用途及业务凭证逐项对应；其中TX-AML-HIST-005191-02-001至TX-AML-HIST-005191-02-004共同构成该模式的完整资金链。该模式单独统计、单独核验，不与其他模式合并计算。\n\n2. 账号方向\n2组模式分别使用第1组账户622202100000088247、622202100000088248、622202100000088249（2024-08-14至2024-08-18，2347529.00元）；第2组账户622202100000088250、622202100000088251（2024-08-24至2024-08-27，2364840.00元）。账户组之间不交叉代替，各组行为链均可由对应流水、开户资料和设备日志复核。账户间的频繁过渡和部分回流提示资金周转倾向，但账户实际控制关系仍需通过登录日志、柜面凭证和客户访谈确认。\n\n3. 交易对手方向\n1. 关联账户协同交易对应交易对手包括盛达咨询服务有限公司、恒信商贸有限公司、嘉禾物流有限公司、安泰工程有限公司、瑞丰科技有限公司；涉及日期2024-08-14至2024-08-18，对应金额2347529.00元，需结合合同、发票、物流或服务成果核验交易背景。\n2. 贴近报告阈值刻意规避对应交易对手包括恒信商贸有限公司、嘉禾物流有限公司、安泰工程有限公司、瑞丰科技有限公司；涉及日期2024-08-24至2024-08-27，对应金额2364840.00元，需结合合同、发票、物流或服务成果核验交易背景。\n交易对手覆盖多个行业名称，单凭名称及交易次数不能认定其为空壳主体或异常对手；应逐户核验工商信息、合同履约、发票开具、物流轨迹、服务成果和最终受益人。\n\n4. 司法查询方向\n现有材料未提供司法查询、协查、冻结、止付或有权机关认定结果，因此本方向暂不作确定判断。后续如取得相关资料，应与本案逐笔流水、账户控制关系和交易用途分别核验，不得以单一查询结果替代完整事实审查。\n\n【四】综合分析\n有事实支持的风险指标包括：观察期内9笔逐笔流水及4712369.00元累计交易均可定位到具体账户；2组模式分别记录了日期、金额、行为链和证据链；夜间交易0笔；共享设备DEV-AML-HIST-005191-SHARED与多个账户存在关联。具有一定支持的候选疑点为资金归集后分散、关联账户过渡、异常公转私或回流等行为，具体对应关联账户协同交易、贴近报告阈值刻意规避。当前不能确认相关资金具有违法来源，也不能排除项目结算、供应链付款、关联企业往来和短期经营周转等正常解释。关键数据缺口包括完整账户余额序列、合同发票原件、物流或服务成果、客户历史基线、交易对手尽调、设备实际使用人和外部调查反馈。建议逐笔核验本报告列明的流水，分别复核每组模式的账户、日期、金额和行为链，补充增强尽职调查材料，并将核验结果提交有权审批岗复核。""}","[{""entity_id"":""ACCT-HIST-005191-00"",""account_type"":""对公基本存款账户"",""holder_name"":""卫雅婷"",""holder_id_type"":""居民身份证"",""holder_id_number"":""610119975052361"",""account_open_date"":""2023-06-21"",""account_close_date"":"""",""account_number"":""622202100000088247"",""bank_card_type"":""单位结算卡"",""bank_card_number"":""622202100000088247"",""institution"":""中国邮政储蓄银行郑州市曲江支行"",""bank_info"":""中国邮政储蓄银行郑州市曲江支行""},{""entity_id"":""ACCT-HIST-005191-01"",""account_type"":""个人活期结算账户"",""holder_name"":""韩泽宇"",""holder_id_type"":""居民身份证"",""holder_id_number"":""610119985069452"",""account_open_date"":""2023-06-30"",""account_close_date"":"""",""account_number"":""622202100000088248"",""bank_card_type"":""借记卡"",""bank_card_number"":""622202100000088248"",""institution"":""中国邮政储蓄银行郑州市渝中支行"",""bank_info"":""中国邮政储蓄银行郑州市渝中支行""},{""entity_id"":""ACCT-HIST-005191-02"",""account_type"":""个人活期结算账户"",""holder_name"":""卫雅婷"",""holder_id_type"":""居民身份证"",""holder_id_number"":""610119975052361"",""account_open_date"":""2023-07-09"",""account_close_date"":"""",""account_number"":""622202100000088249"",""bank_card_type"":""借记卡"",""bank_card_number"":""622202100000088249"",""institution"":""中国邮政储蓄银行郑州市武昌支行"",""bank_info"":""中国邮政储蓄银行郑州市武昌支行""},{""entity_id"":""ACCT-HIST-005191-03"",""account_type"":""对公基本存款账户"",""holder_name"":""韩泽宇"",""holder_id_type"":""居民身份证"",""holder_id_number"":""610119985069452"",""account_open_date"":""2023-07-18"",""account_close_date"":"""",""account_number"":""622202100000088250"",""bank_card_type"":""单位结算卡"",""bank_card_number"":""622202100000088250"",""institution"":""中国邮政储蓄银行郑州市锦江支行"",""bank_info"":""中国邮政储蓄银行郑州市锦江支行""},{""entity_id"":""ACCT-HIST-005191-04"",""account_type"":""个人活期结算账户"",""holder_name"":""卫雅婷"",""holder_id_type"":""居民身份证"",""holder_id_number"":""610119975052361"",""account_open_date"":""2023-07-27"",""account_close_date"":"""",""account_number"":""622202100000088251"",""bank_card_type"":""借记卡"",""bank_card_number"":""622202100000088251"",""institution"":""中国邮政储蓄银行郑州市西湖支行"",""bank_info"":""中国邮政储蓄银行郑州市西湖支行""}]","[]"
"{""case_id"":""AML-HIST-005192"",""case_name"":""供应链服务领域异常公转私风险案例005192"",""case_description"":""本案涉及蒋志强、杨雨桐、尤博文、钱若兰等4名客户，2023-09-15至2023-10-08期间，9个关联账户累计发生15笔重点交易、金额7118277.00元，呈现异常公转私、贷款资金挪用或回流、虚开发票结算后资金回流等3组相互独立的可疑模式；相关资金形成可逐笔复核的多段行为链，现已提高客户风险等级并开展增强尽职调查。"",""business_domain"":""反洗钱与资金链风险识别"",""case_type"":""多模式异常资金链历史案例"",""submission_direction"":""01"",""case_trigger"":""01"",""urgency"":""02"",""report_date"":""2023-10-20"",""case_status"":""03"",""risk_level"":""02"",""suspected_crime_type"":""2003"",""suspicious_transaction_codes"":""ET018、ET032、ET097"",""suspicious_pattern_details"":[{""event_id"":""0000001"",""event_type_id"":""ET018"",""event_type"":""异常公转私"",""event_name"":""蒋志强控制的账户实施异常公转私相关行为"",""subject_entity_id"":""CUST-HIST-005192-A"",""subject_name"":""蒋志强"",""account_ids"":[""ACCT-HIST-005192-00"",""ACCT-HIST-005192-01"",""ACCT-HIST-005192-02"",""ACCT-HIST-005192-03""],""account_numbers"":[""622202100000088264"",""622202100000088265"",""622202100000088266"",""622202100000088267""],""event_start_date"":""2023-09-15"",""event_end_date"":""2023-09-20"",""total_amount_cny"":2355448,""transaction_ids"":[""TX-AML-HIST-005192-01-001"",""TX-AML-HIST-005192-01-002"",""TX-AML-HIST-005192-01-003"",""TX-AML-HIST-005192-01-004"",""TX-AML-HIST-005192-01-005"",""TX-AML-HIST-005192-01-006""],""behavior_chain"":""对公账户收到项目款后经中转账户持续向个人账户划款。具体顺序为：622202100000088264于2023-09-15向622202100000088265转账571017.70元，随后622202100000088265于2023-09-16向622202100000088266转账499640.48元，随后622202100000088266于2023-09-17向622202100000088267转账428263.27元，随后622202100000088267于2023-09-18向622202100000088264转账356886.06元，随后622202100000088264于2023-09-19向622202100000088266转账285508.85元，随后622202100000088265于2023-09-20向622202100000088267转账214131.64元。"",""fact"":""企业经营收入频繁转入实际控制人及关联个人账户且用途凭证不足"",""risk_indicator"":""公转私金额、交易频率和用途凭证完整度；累计金额2355448.00元，交易6笔，资金最长停留10小时，共同设备关联2个账户"",""source_fact_summary"":""交易流水TX-AML-HIST-005192-01-001、TX-AML-HIST-005192-01-002、TX-AML-HIST-005192-01-003、TX-AML-HIST-005192-01-004、TX-AML-HIST-005192-01-005、TX-AML-HIST-005192-01-006可与账户开户资料、登录设备日志、付款用途及业务凭证逐项对应；其中TX-AML-HIST-005192-01-001至TX-AML-HIST-005192-01-006共同构成该模式的完整资金链。""},{""event_id"":""0000002"",""event_type_id"":""ET032"",""event_type"":""贷款资金挪用或回流"",""event_name"":""杨雨桐控制的账户实施贷款资金挪用或回流相关行为"",""subject_entity_id"":""CUST-HIST-005192-B"",""subject_name"":""杨雨桐"",""account_ids"":[""ACCT-HIST-005192-04"",""ACCT-HIST-005192-05"",""ACCT-HIST-005192-06""],""account_numbers"":[""622202100000088268"",""622202100000088269"",""622202100000088270""],""event_start_date"":""2023-09-25"",""event_end_date"":""2023-09-29"",""total_amount_cny"":2372759,""transaction_ids"":[""TX-AML-HIST-005192-02-001"",""TX-AML-HIST-005192-02-002"",""TX-AML-HIST-005192-02-003"",""TX-AML-HIST-005192-02-004"",""TX-AML-HIST-005192-02-005""],""behavior_chain"":""贷款进入借款账户后经供应商账户转至关联方并回到控制人账户。具体顺序为：622202100000088268于2023-09-25向622202100000088269转账664372.52元，随后622202100000088269于2023-09-26向622202100000088270转账569462.16元，随后622202100000088270于2023-09-27向622202100000088268转账474551.80元，随后622202100000088268于2023-09-28向622202100000088270转账379641.44元，随后622202100000088269于2023-09-29向622202100000088268转账284731.08元。"",""fact"":""贷款资金到账后未用于约定经营用途，而是转往关联账户并部分回流"",""risk_indicator"":""贷款用途、关联转账金额和回流比例；累计金额2372759.00元，交易5笔，资金最长停留11小时，共同设备关联3个账户"",""source_fact_summary"":""交易流水TX-AML-HIST-005192-02-001、TX-AML-HIST-005192-02-002、TX-AML-HIST-005192-02-003、TX-AML-HIST-005192-02-004、TX-AML-HIST-005192-02-005可与账户开户资料、登录设备日志、付款用途及业务凭证逐项对应；其中TX-AML-HIST-005192-02-001至TX-AML-HIST-005192-02-005共同构成该模式的完整资金链。""},{""event_id"":""0000003"",""event_type_id"":""ET097"",""event_type"":""虚开发票结算后资金回流"",""event_name"":""尤博文控制的账户实施虚开发票结算后资金回流相关行为"",""subject_entity_id"":""CUST-HIST-005192-C"",""subject_name"":""尤博文"",""account_ids"":[""ACCT-HIST-005192-07"",""ACCT-HIST-005192-08""],""account_numbers"":[""622202100000088271"",""622202100000088272""],""event_start_date"":""2023-10-05"",""event_end_date"":""2023-10-08"",""total_amount_cny"":2390070,""transaction_ids"":[""TX-AML-HIST-005192-03-001"",""TX-AML-HIST-005192-03-002"",""TX-AML-HIST-005192-03-003"",""TX-AML-HIST-005192-03-004""],""behavior_chain"":""付款账户完成发票结算后，资金经中转账户回流至关联个人。具体顺序为：622202100000088271于2023-10-05向622202100000088272转账796690.00元，随后622202100000088272于2023-10-06向622202100000088271转账663908.33元，随后622202100000088271于2023-10-07向622202100000088271转账531126.67元，随后622202100000088272于2023-10-08向622202100000088272转账398345.00元。"",""fact"":""发票结算资金经多个账户拆分后回到开票方关联人员账户"",""risk_indicator"":""发票金额、拆分笔数和最终受益人；累计金额2390070.00元，交易4笔，资金最长停留12小时，共同设备关联4个账户"",""source_fact_summary"":""交易流水TX-AML-HIST-005192-03-001、TX-AML-HIST-005192-03-002、TX-AML-HIST-005192-03-003、TX-AML-HIST-005192-03-004可与账户开户资料、登录设备日志、付款用途及业务凭证逐项对应；其中TX-AML-HIST-005192-03-001至TX-AML-HIST-005192-03-004共同构成该模式的完整资金链。""}],""disposition_measures"":""提高客户风险等级、发起增强尽职调查、设置交易复核"",""province"":""西安市"",""stat_window_start"":""2023-09-15"",""stat_window_end"":""2023-10-08"",""shared_device_id"":""DEV-AML-HIST-005192-SHARED"",""structured_transaction_summary"":{""stat_window_days"":24,""customer_count"":4,""account_count"":9,""tx_cnt_30d"":15,""in_tx_cnt_30d"":8,""out_tx_cnt_30d"":7,""tx_cirmb_amt_sum_30d"":7118277,""in_cirmb_amt_sum_30d"":3630321.27,""out_cirmb_amt_sum_30d"":3487955.73,""night_tx_cnt_30d"":3,""night_tx_ratio"":0.2,""counterparty_cnt_30d"":20,""currency_cnt_30d"":1}}","[{""entity_id"":""CUST-HIST-005192-A"",""customer_name"":""蒋志强"",""customer_number"":""C1000051920"",""id_type"":""居民身份证"",""id_number"":""610119985053331"",""occupation_industry"":""供应链服务"",""nationality"":""中国"",""address"":""西安市高新区金融街32号"",""customer_risk_level"":""高风险"",""legal_representative_name"":""蒋志强"",""legal_representative_id_type"":""居民身份证"",""legal_representative_id_number"":""610119985053331"",""controller_name"":""蒋志强"",""controller_id_type"":""居民身份证"",""controller_id_number"":""610120045155877""},{""entity_id"":""CUST-HIST-005192-B"",""customer_name"":""杨雨桐"",""customer_number"":""C1000051921"",""id_type"":""居民身份证"",""id_number"":""610119995070422"",""occupation_industry"":""企业财务与资金管理"",""nationality"":""中国"",""address"":""西安市经开区金融街32号"",""customer_risk_level"":""较高风险"",""legal_representative_name"":"""",""legal_representative_id_type"":"""",""legal_representative_id_number"":"""",""controller_name"":""秦志强"",""controller_id_type"":""居民身份证"",""controller_id_number"":""610119805172968""},{""entity_id"":""CUST-HIST-005192-C"",""customer_name"":""尤博文"",""customer_number"":""C1000051922"",""id_type"":""居民身份证"",""id_number"":""610120005087513"",""occupation_industry"":""企业财务与资金管理"",""nationality"":""中国"",""address"":""西安市中心城区金融街32号"",""customer_risk_level"":""较高风险"",""legal_representative_name"":"""",""legal_representative_id_type"":"""",""legal_representative_id_number"":"""",""controller_name"":""秦志强"",""controller_id_type"":""居民身份证"",""controller_id_number"":""610119815190059""},{""entity_id"":""CUST-HIST-005192-D"",""customer_name"":""钱若兰"",""customer_number"":""C1000051923"",""id_type"":""居民身份证"",""id_number"":""610120015104604"",""occupation_industry"":""企业财务与资金管理"",""nationality"":""中国"",""address"":""西安市undefined金融街32号"",""customer_risk_level"":""较高风险"",""legal_representative_name"":"""",""legal_representative_id_type"":"""",""legal_representative_id_number"":"""",""controller_name"":""秦志强"",""controller_id_type"":""居民身份证"",""controller_id_number"":""6101198252071410""}]","{""analysis_text1"":""【一】发现情况\n本案例由日常交易监测和客户风险复核触发。观察窗口为2023-09-15至2023-10-08，涉及4名客户、9个账户及15笔重点交易，收付累计金额7118277.00元。现有事实呈现异常公转私、贷款资金挪用或回流、虚开发票结算后资金回流等3组相互独立的可疑行为特征。上述内容属于待核验风险事实，不构成对违法犯罪的认定。\n\n【二】客户基本情况\n1. 蒋志强（CUST-HIST-005192-A），客户号C1000051920，证件类型及号码为居民身份证610119985053331，职业或经营行业为供应链服务，常住或经营地址为西安市高新区金融街32号，当前客户风险等级为高风险，登记实际控制人为蒋志强。\n2. 杨雨桐（CUST-HIST-005192-B），客户号C1000051921，证件类型及号码为居民身份证610119995070422，职业或经营行业为企业财务与资金管理，常住或经营地址为西安市经开区金融街32号，当前客户风险等级为较高风险，登记实际控制人为秦志强。\n3. 尤博文（CUST-HIST-005192-C），客户号C1000051922，证件类型及号码为居民身份证610120005087513，职业或经营行业为企业财务与资金管理，常住或经营地址为西安市中心城区金融街32号，当前客户风险等级为较高风险，登记实际控制人为秦志强。\n4. 钱若兰（CUST-HIST-005192-D），客户号C1000051923，证件类型及号码为居民身份证610120015104604，职业或经营行业为企业财务与资金管理，常住或经营地址为西安市undefined金融街32号，当前客户风险等级为较高风险，登记实际控制人为秦志强。\n客户与账户通过稳定实体标识对应，未将同名主体自行合并。现有客户资料能够支持身份、行业、地区和风险等级核验，收入规模、历史经营基线及受益所有权证明仍需进一步补充。\n\n【三】开户与整体交易\n本案账户情况如下：\n1. 蒋志强名下账户ACCT-HIST-005192-00，账号622202100000088264，账户类型为对公基本存款账户，于2022年7月22日在中国邮政储蓄银行西安市渝中支行开立，账户载体为单位结算卡。\n2. 杨雨桐名下账户ACCT-HIST-005192-01，账号622202100000088265，账户类型为个人活期结算账户，于2022年7月31日在中国邮政储蓄银行西安市武昌支行开立，账户载体为借记卡。\n3. 尤博文名下账户ACCT-HIST-005192-02，账号622202100000088266，账户类型为个人活期结算账户，于2022年8月9日在中国邮政储蓄银行西安市锦江支行开立，账户载体为借记卡。\n4. 钱若兰名下账户ACCT-HIST-005192-03，账号622202100000088267，账户类型为对公基本存款账户，于2022年8月18日在中国邮政储蓄银行西安市西湖支行开立，账户载体为单位结算卡。\n5. 蒋志强名下账户ACCT-HIST-005192-04，账号622202100000088268，账户类型为个人活期结算账户，于2022年8月27日在中国邮政储蓄银行西安市高新支行开立，账户载体为借记卡。\n6. 杨雨桐名下账户ACCT-HIST-005192-05，账号622202100000088269，账户类型为个人活期结算账户，于2022年9月5日在中国邮政储蓄银行西安市曲江支行开立，账户载体为借记卡。\n7. 尤博文名下账户ACCT-HIST-005192-06，账号622202100000088270，账户类型为对公基本存款账户，于2022年9月14日在中国邮政储蓄银行西安市渝中支行开立，账户载体为单位结算卡。\n8. 钱若兰名下账户ACCT-HIST-005192-07，账号622202100000088271，账户类型为个人活期结算账户，于2022年9月23日在中国邮政储蓄银行西安市武昌支行开立，账户载体为借记卡。\n9. 蒋志强名下账户ACCT-HIST-005192-08，账号622202100000088272，账户类型为个人活期结算账户，于2022年10月2日在中国邮政储蓄银行西安市锦江支行开立，账户载体为借记卡。\n观察期内逐笔重点交易如下：\n1. 2023-09-15 08:11:07，流水TX-AML-HIST-005192-01-001，付款账号622202100000088264通过柜面转账向收款账号622202100000088265转账571017.70元，用途记载为项目款结算，交易对手名称为恒信商贸有限公司，操作设备DEV-AML-HIST-005192-1，网络地址172.172.10.21。\n2. 2023-09-16 10:12:08，流水TX-AML-HIST-005192-01-002，付款账号622202100000088265通过网上银行向收款账号622202100000088266转账499640.48元，用途记载为供应链采购款，交易对手名称为嘉禾物流有限公司，操作设备DEV-AML-HIST-005192-1，网络地址172.172.10.22。\n3. 2023-09-17 12:13:09，流水TX-AML-HIST-005192-01-003，付款账号622202100000088266通过柜面转账向收款账号622202100000088267转账428263.27元，用途记载为咨询服务费，交易对手名称为安泰工程有限公司，操作设备DEV-AML-HIST-005192-1，网络地址172.172.10.23。\n4. 2023-09-18 14:14:10，流水TX-AML-HIST-005192-01-004，付款账号622202100000088267通过手机银行向收款账号622202100000088264转账356886.06元，用途记载为劳务服务费，交易对手名称为瑞丰科技有限公司，操作设备DEV-AML-HIST-005192-1，网络地址172.172.10.24。\n5. 2023-09-19 23:15:11，流水TX-AML-HIST-005192-01-005，付款账号622202100000088264通过柜面转账向收款账号622202100000088266转账285508.85元，用途记载为往来款，交易对手名称为华辰供应链有限公司，操作设备DEV-AML-HIST-005192-1，网络地址172.172.10.25。\n6. 2023-09-20 18:16:12，流水TX-AML-HIST-005192-01-006，付款账号622202100000088265通过网上银行向收款账号622202100000088267转账214131.64元，用途记载为undefined，交易对手名称为盛达咨询服务有限公司，操作设备DEV-AML-HIST-005192-1，网络地址172.172.10.26。\n7. 2023-09-25 09:11:07，流水TX-AML-HIST-005192-02-001，付款账号622202100000088268通过柜面转账向收款账号622202100000088269转账664372.52元，用途记载为项目款结算，交易对手名称为嘉禾物流有限公司，操作设备DEV-AML-HIST-005192-2，网络地址172.172.11.21。\n8. 2023-09-26 11:12:08，流水TX-AML-HIST-005192-02-002，付款账号622202100000088269通过网上银行向收款账号622202100000088270转账569462.16元，用途记载为供应链采购款，交易对手名称为安泰工程有限公司，操作设备DEV-AML-HIST-005192-2，网络地址172.172.11.22。\n9. 2023-09-27 13:13:09，流水TX-AML-HIST-005192-02-003，付款账号622202100000088270通过柜面转账向收款账号622202100000088268转账474551.80元，用途记载为咨询服务费，交易对手名称为瑞丰科技有限公司，操作设备DEV-AML-HIST-005192-2，网络地址172.172.11.23。\n10. 2023-09-28 23:14:10，流水TX-AML-HIST-005192-02-004，付款账号622202100000088268通过手机银行向收款账号622202100000088270转账379641.44元，用途记载为劳务服务费，交易对手名称为华辰供应链有限公司，操作设备DEV-AML-HIST-005192-2，网络地址172.172.11.24。\n11. 2023-09-29 17:15:11，流水TX-AML-HIST-005192-02-005，付款账号622202100000088269通过柜面转账向收款账号622202100000088268转账284731.08元，用途记载为往来款，交易对手名称为盛达咨询服务有限公司，操作设备DEV-AML-HIST-005192-2，网络地址172.172.11.25。\n12. 2023-10-05 10:11:07，流水TX-AML-HIST-005192-03-001，付款账号622202100000088271通过柜面转账向收款账号622202100000088272转账796690.00元，用途记载为项目款结算，交易对手名称为安泰工程有限公司，操作设备DEV-AML-HIST-005192-3，网络地址172.172.12.21。\n13. 2023-10-06 12:12:08，流水TX-AML-HIST-005192-03-002，付款账号622202100000088272通过网上银行向收款账号622202100000088271转账663908.33元，用途记载为供应链采购款，交易对手名称为瑞丰科技有限公司，操作设备DEV-AML-HIST-005192-3，网络地址172.172.12.22。\n14. 2023-10-07 23:13:09，流水TX-AML-HIST-005192-03-003，付款账号622202100000088271通过柜面转账向收款账号622202100000088271转账531126.67元，用途记载为咨询服务费，交易对手名称为华辰供应链有限公司，操作设备DEV-AML-HIST-005192-3，网络地址172.172.12.23。\n15. 2023-10-08 16:14:10，流水TX-AML-HIST-005192-03-004，付款账号622202100000088272通过手机银行向收款账号622202100000088272转账398345.00元，用途记载为劳务服务费，交易对手名称为盛达咨询服务有限公司，操作设备DEV-AML-HIST-005192-3，网络地址172.172.12.24。\n全案观察期口径共发生15笔重点收付，其中收款8笔、付款7笔，累计金额7118277.00元；夜间交易3笔。上述流水均保留交易日期、时间、付款账户、收款账户、金额、渠道、用途、交易对手、设备和网络地址，可按流水号逐项复核。\n\n【四】资金来源与去向\n1. 蒋志强控制的账户实施异常公转私相关行为。该组事实对应异常公转私，独立观察期间为2023-09-15至2023-09-20，独立涉及账户为622202100000088264（ACCT-HIST-005192-00）、622202100000088265（ACCT-HIST-005192-01）、622202100000088266（ACCT-HIST-005192-02）、622202100000088267（ACCT-HIST-005192-03），独立统计交易6笔、金额2355448.00元。行为链表现为：对公账户收到项目款后经中转账户持续向个人账户划款。具体顺序为：622202100000088264于2023-09-15向622202100000088265转账571017.70元，随后622202100000088265于2023-09-16向622202100000088266转账499640.48元，随后622202100000088266于2023-09-17向622202100000088267转账428263.27元，随后622202100000088267于2023-09-18向622202100000088264转账356886.06元，随后622202100000088264于2023-09-19向622202100000088266转账285508.85元，随后622202100000088265于2023-09-20向622202100000088267转账214131.64元。可复核逐笔流水为：TX-AML-HIST-005192-01-001（2023-09-15，622202100000088264向622202100000088265转账571017.70元）；TX-AML-HIST-005192-01-002（2023-09-16，622202100000088265向622202100000088266转账499640.48元）；TX-AML-HIST-005192-01-003（2023-09-17，622202100000088266向622202100000088267转账428263.27元）；TX-AML-HIST-005192-01-004（2023-09-18，622202100000088267向622202100000088264转账356886.06元）；TX-AML-HIST-005192-01-005（2023-09-19，622202100000088264向622202100000088266转账285508.85元）；TX-AML-HIST-005192-01-006（2023-09-20，622202100000088265向622202100000088267转账214131.64元）。企业经营收入频繁转入实际控制人及关联个人账户且用途凭证不足；结构化特征为公转私金额、交易频率和用途凭证完整度；累计金额2355448.00元，交易6笔，资金最长停留10小时，共同设备关联2个账户。证据方面，交易流水TX-AML-HIST-005192-01-001、TX-AML-HIST-005192-01-002、TX-AML-HIST-005192-01-003、TX-AML-HIST-005192-01-004、TX-AML-HIST-005192-01-005、TX-AML-HIST-005192-01-006可与账户开户资料、登录设备日志、付款用途及业务凭证逐项对应；其中TX-AML-HIST-005192-01-001至TX-AML-HIST-005192-01-006共同构成该模式的完整资金链。该模式单独统计、单独核验，不与其他模式合并计算。\n2. 杨雨桐控制的账户实施贷款资金挪用或回流相关行为。该组事实对应贷款资金挪用或回流，独立观察期间为2023-09-25至2023-09-29，独立涉及账户为622202100000088268（ACCT-HIST-005192-04）、622202100000088269（ACCT-HIST-005192-05）、622202100000088270（ACCT-HIST-005192-06），独立统计交易5笔、金额2372759.00元。行为链表现为：贷款进入借款账户后经供应商账户转至关联方并回到控制人账户。具体顺序为：622202100000088268于2023-09-25向622202100000088269转账664372.52元，随后622202100000088269于2023-09-26向622202100000088270转账569462.16元，随后622202100000088270于2023-09-27向622202100000088268转账474551.80元，随后622202100000088268于2023-09-28向622202100000088270转账379641.44元，随后622202100000088269于2023-09-29向622202100000088268转账284731.08元。可复核逐笔流水为：TX-AML-HIST-005192-02-001（2023-09-25，622202100000088268向622202100000088269转账664372.52元）；TX-AML-HIST-005192-02-002（2023-09-26，622202100000088269向622202100000088270转账569462.16元）；TX-AML-HIST-005192-02-003（2023-09-27，622202100000088270向622202100000088268转账474551.80元）；TX-AML-HIST-005192-02-004（2023-09-28，622202100000088268向622202100000088270转账379641.44元）；TX-AML-HIST-005192-02-005（2023-09-29，622202100000088269向622202100000088268转账284731.08元）。贷款资金到账后未用于约定经营用途，而是转往关联账户并部分回流；结构化特征为贷款用途、关联转账金额和回流比例；累计金额2372759.00元，交易5笔，资金最长停留11小时，共同设备关联3个账户。证据方面，交易流水TX-AML-HIST-005192-02-001、TX-AML-HIST-005192-02-002、TX-AML-HIST-005192-02-003、TX-AML-HIST-005192-02-004、TX-AML-HIST-005192-02-005可与账户开户资料、登录设备日志、付款用途及业务凭证逐项对应；其中TX-AML-HIST-005192-02-001至TX-AML-HIST-005192-02-005共同构成该模式的完整资金链。该模式单独统计、单独核验，不与其他模式合并计算。\n3. 尤博文控制的账户实施虚开发票结算后资金回流相关行为。该组事实对应虚开发票结算后资金回流，独立观察期间为2023-10-05至2023-10-08，独立涉及账户为622202100000088271（ACCT-HIST-005192-07）、622202100000088272（ACCT-HIST-005192-08），独立统计交易4笔、金额2390070.00元。行为链表现为：付款账户完成发票结算后，资金经中转账户回流至关联个人。具体顺序为：622202100000088271于2023-10-05向622202100000088272转账796690.00元，随后622202100000088272于2023-10-06向622202100000088271转账663908.33元，随后622202100000088271于2023-10-07向622202100000088271转账531126.67元，随后622202100000088272于2023-10-08向622202100000088272转账398345.00元。可复核逐笔流水为：TX-AML-HIST-005192-03-001（2023-10-05，622202100000088271向622202100000088272转账796690.00元）；TX-AML-HIST-005192-03-002（2023-10-06，622202100000088272向622202100000088271转账663908.33元）；TX-AML-HIST-005192-03-003（2023-10-07，622202100000088271向622202100000088271转账531126.67元）；TX-AML-HIST-005192-03-004（2023-10-08，622202100000088272向622202100000088272转账398345.00元）。发票结算资金经多个账户拆分后回到开票方关联人员账户；结构化特征为发票金额、拆分笔数和最终受益人；累计金额2390070.00元，交易4笔，资金最长停留12小时，共同设备关联4个账户。证据方面，交易流水TX-AML-HIST-005192-03-001、TX-AML-HIST-005192-03-002、TX-AML-HIST-005192-03-003、TX-AML-HIST-005192-03-004可与账户开户资料、登录设备日志、付款用途及业务凭证逐项对应；其中TX-AML-HIST-005192-03-001至TX-AML-HIST-005192-03-004共同构成该模式的完整资金链。该模式单独统计、单独核验，不与其他模式合并计算。\n\n【五】客户主体分析\n蒋志强（CUST-HIST-005192-A）、杨雨桐（CUST-HIST-005192-B）、尤博文（CUST-HIST-005192-C）、钱若兰（CUST-HIST-005192-D）在同一观察窗口内涉及上述账户资金链，交易规模、夜间操作、共享设备和账户间往来相互印证，提示账户可能被用于资金归集、中转或回流。现有材料同时不能排除集中结算、项目周期性付款、关联企业正常往来等替代解释。机构已提高客户风险等级、发起增强尽职调查并设置交易复核；后续应核对经营规模、合同发票、物流或服务成果、受益所有人、账户实际控制关系和资金最终用途。"",""analysis_text2"":""【一】案例概述\n本案涉及蒋志强、杨雨桐、尤博文、钱若兰等4名客户，2023-09-15至2023-10-08期间，9个关联账户累计发生15笔重点交易、金额7118277.00元，呈现异常公转私、贷款资金挪用或回流、虚开发票结算后资金回流等3组相互独立的可疑模式；相关资金形成可逐笔复核的多段行为链，现已提高客户风险等级并开展增强尽职调查。本案当前处于风险复核阶段，3组可疑模式均以独立账户集合、独立日期范围、独立金额及逐笔流水为依据，未将不同模式合并统计。\n\n【二】客户主体分析\n主要关注客户为蒋志强（CUST-HIST-005192-A，供应链服务，高风险）、杨雨桐（CUST-HIST-005192-B，企业财务与资金管理，较高风险）、尤博文（CUST-HIST-005192-C，企业财务与资金管理，较高风险）、钱若兰（CUST-HIST-005192-D，企业财务与资金管理，较高风险）。客户名下账户开户资料齐备，但现有交易规模和多段资金链需要与其实际经营范围、收入来源、账户声明用途及受益所有权材料进一步比对。基于现有资料只能形成风险关注方向，不能据此认定客户实施违法犯罪行为。\n\n【三】客户交易分析\n1. 资金交易方向\n1. 蒋志强控制的账户实施异常公转私相关行为。该组事实对应异常公转私，独立观察期间为2023-09-15至2023-09-20，独立涉及账户为622202100000088264（ACCT-HIST-005192-00）、622202100000088265（ACCT-HIST-005192-01）、622202100000088266（ACCT-HIST-005192-02）、622202100000088267（ACCT-HIST-005192-03），独立统计交易6笔、金额2355448.00元。行为链表现为：对公账户收到项目款后经中转账户持续向个人账户划款。具体顺序为：622202100000088264于2023-09-15向622202100000088265转账571017.70元，随后622202100000088265于2023-09-16向622202100000088266转账499640.48元，随后622202100000088266于2023-09-17向622202100000088267转账428263.27元，随后622202100000088267于2023-09-18向622202100000088264转账356886.06元，随后622202100000088264于2023-09-19向622202100000088266转账285508.85元，随后622202100000088265于2023-09-20向622202100000088267转账214131.64元。可复核逐笔流水为：TX-AML-HIST-005192-01-001（2023-09-15，622202100000088264向622202100000088265转账571017.70元）；TX-AML-HIST-005192-01-002（2023-09-16，622202100000088265向622202100000088266转账499640.48元）；TX-AML-HIST-005192-01-003（2023-09-17，622202100000088266向622202100000088267转账428263.27元）；TX-AML-HIST-005192-01-004（2023-09-18，622202100000088267向622202100000088264转账356886.06元）；TX-AML-HIST-005192-01-005（2023-09-19，622202100000088264向622202100000088266转账285508.85元）；TX-AML-HIST-005192-01-006（2023-09-20，622202100000088265向622202100000088267转账214131.64元）。企业经营收入频繁转入实际控制人及关联个人账户且用途凭证不足；结构化特征为公转私金额、交易频率和用途凭证完整度；累计金额2355448.00元，交易6笔，资金最长停留10小时，共同设备关联2个账户。证据方面，交易流水TX-AML-HIST-005192-01-001、TX-AML-HIST-005192-01-002、TX-AML-HIST-005192-01-003、TX-AML-HIST-005192-01-004、TX-AML-HIST-005192-01-005、TX-AML-HIST-005192-01-006可与账户开户资料、登录设备日志、付款用途及业务凭证逐项对应；其中TX-AML-HIST-005192-01-001至TX-AML-HIST-005192-01-006共同构成该模式的完整资金链。该模式单独统计、单独核验，不与其他模式合并计算。\n2. 杨雨桐控制的账户实施贷款资金挪用或回流相关行为。该组事实对应贷款资金挪用或回流，独立观察期间为2023-09-25至2023-09-29，独立涉及账户为622202100000088268（ACCT-HIST-005192-04）、622202100000088269（ACCT-HIST-005192-05）、622202100000088270（ACCT-HIST-005192-06），独立统计交易5笔、金额2372759.00元。行为链表现为：贷款进入借款账户后经供应商账户转至关联方并回到控制人账户。具体顺序为：622202100000088268于2023-09-25向622202100000088269转账664372.52元，随后622202100000088269于2023-09-26向622202100000088270转账569462.16元，随后622202100000088270于2023-09-27向622202100000088268转账474551.80元，随后622202100000088268于2023-09-28向622202100000088270转账379641.44元，随后622202100000088269于2023-09-29向622202100000088268转账284731.08元。可复核逐笔流水为：TX-AML-HIST-005192-02-001（2023-09-25，622202100000088268向622202100000088269转账664372.52元）；TX-AML-HIST-005192-02-002（2023-09-26，622202100000088269向622202100000088270转账569462.16元）；TX-AML-HIST-005192-02-003（2023-09-27，622202100000088270向622202100000088268转账474551.80元）；TX-AML-HIST-005192-02-004（2023-09-28，622202100000088268向622202100000088270转账379641.44元）；TX-AML-HIST-005192-02-005（2023-09-29，622202100000088269向622202100000088268转账284731.08元）。贷款资金到账后未用于约定经营用途，而是转往关联账户并部分回流；结构化特征为贷款用途、关联转账金额和回流比例；累计金额2372759.00元，交易5笔，资金最长停留11小时，共同设备关联3个账户。证据方面，交易流水TX-AML-HIST-005192-02-001、TX-AML-HIST-005192-02-002、TX-AML-HIST-005192-02-003、TX-AML-HIST-005192-02-004、TX-AML-HIST-005192-02-005可与账户开户资料、登录设备日志、付款用途及业务凭证逐项对应；其中TX-AML-HIST-005192-02-001至TX-AML-HIST-005192-02-005共同构成该模式的完整资金链。该模式单独统计、单独核验，不与其他模式合并计算。\n3. 尤博文控制的账户实施虚开发票结算后资金回流相关行为。该组事实对应虚开发票结算后资金回流，独立观察期间为2023-10-05至2023-10-08，独立涉及账户为622202100000088271（ACCT-HIST-005192-07）、622202100000088272（ACCT-HIST-005192-08），独立统计交易4笔、金额2390070.00元。行为链表现为：付款账户完成发票结算后，资金经中转账户回流至关联个人。具体顺序为：622202100000088271于2023-10-05向622202100000088272转账796690.00元，随后622202100000088272于2023-10-06向622202100000088271转账663908.33元，随后622202100000088271于2023-10-07向622202100000088271转账531126.67元，随后622202100000088272于2023-10-08向622202100000088272转账398345.00元。可复核逐笔流水为：TX-AML-HIST-005192-03-001（2023-10-05，622202100000088271向622202100000088272转账796690.00元）；TX-AML-HIST-005192-03-002（2023-10-06，622202100000088272向622202100000088271转账663908.33元）；TX-AML-HIST-005192-03-003（2023-10-07，622202100000088271向622202100000088271转账531126.67元）；TX-AML-HIST-005192-03-004（2023-10-08，622202100000088272向622202100000088272转账398345.00元）。发票结算资金经多个账户拆分后回到开票方关联人员账户；结构化特征为发票金额、拆分笔数和最终受益人；累计金额2390070.00元，交易4笔，资金最长停留12小时，共同设备关联4个账户。证据方面，交易流水TX-AML-HIST-005192-03-001、TX-AML-HIST-005192-03-002、TX-AML-HIST-005192-03-003、TX-AML-HIST-005192-03-004可与账户开户资料、登录设备日志、付款用途及业务凭证逐项对应；其中TX-AML-HIST-005192-03-001至TX-AML-HIST-005192-03-004共同构成该模式的完整资金链。该模式单独统计、单独核验，不与其他模式合并计算。\n\n2. 账号方向\n3组模式分别使用第1组账户622202100000088264、622202100000088265、622202100000088266、622202100000088267（2023-09-15至2023-09-20，2355448.00元）；第2组账户622202100000088268、622202100000088269、622202100000088270（2023-09-25至2023-09-29，2372759.00元）；第3组账户622202100000088271、622202100000088272（2023-10-05至2023-10-08，2390070.00元）。账户组之间不交叉代替，各组行为链均可由对应流水、开户资料和设备日志复核。账户间的频繁过渡和部分回流提示资金周转倾向，但账户实际控制关系仍需通过登录日志、柜面凭证和客户访谈确认。\n\n3. 交易对手方向\n1. 异常公转私对应交易对手包括恒信商贸有限公司、嘉禾物流有限公司、安泰工程有限公司、瑞丰科技有限公司、华辰供应链有限公司、盛达咨询服务有限公司；涉及日期2023-09-15至2023-09-20，对应金额2355448.00元，需结合合同、发票、物流或服务成果核验交易背景。\n2. 贷款资金挪用或回流对应交易对手包括嘉禾物流有限公司、安泰工程有限公司、瑞丰科技有限公司、华辰供应链有限公司、盛达咨询服务有限公司；涉及日期2023-09-25至2023-09-29，对应金额2372759.00元，需结合合同、发票、物流或服务成果核验交易背景。\n3. 虚开发票结算后资金回流对应交易对手包括安泰工程有限公司、瑞丰科技有限公司、华辰供应链有限公司、盛达咨询服务有限公司；涉及日期2023-10-05至2023-10-08，对应金额2390070.00元，需结合合同、发票、物流或服务成果核验交易背景。\n交易对手覆盖多个行业名称，单凭名称及交易次数不能认定其为空壳主体或异常对手；应逐户核验工商信息、合同履约、发票开具、物流轨迹、服务成果和最终受益人。\n\n4. 司法查询方向\n现有材料未提供司法查询、协查、冻结、止付或有权机关认定结果，因此本方向暂不作确定判断。后续如取得相关资料，应与本案逐笔流水、账户控制关系和交易用途分别核验，不得以单一查询结果替代完整事实审查。\n\n【四】综合分析\n有事实支持的风险指标包括：观察期内15笔逐笔流水及7118277.00元累计交易均可定位到具体账户；3组模式分别记录了日期、金额、行为链和证据链；夜间交易3笔；共享设备DEV-AML-HIST-005192-SHARED与多个账户存在关联。具有一定支持的候选疑点为资金归集后分散、关联账户过渡、异常公转私或回流等行为，具体对应异常公转私、贷款资金挪用或回流、虚开发票结算后资金回流。当前不能确认相关资金具有违法来源，也不能排除项目结算、供应链付款、关联企业往来和短期经营周转等正常解释。关键数据缺口包括完整账户余额序列、合同发票原件、物流或服务成果、客户历史基线、交易对手尽调、设备实际使用人和外部调查反馈。建议逐笔核验本报告列明的流水，分别复核每组模式的账户、日期、金额和行为链，补充增强尽职调查材料，并将核验结果提交有权审批岗复核。""}","[{""entity_id"":""ACCT-HIST-005192-00"",""account_type"":""对公基本存款账户"",""holder_name"":""蒋志强"",""holder_id_type"":""居民身份证"",""holder_id_number"":""610119985053331"",""account_open_date"":""2022-07-22"",""account_close_date"":"""",""account_number"":""622202100000088264"",""bank_card_type"":""单位结算卡"",""bank_card_number"":""622202100000088264"",""institution"":""中国邮政储蓄银行西安市渝中支行"",""bank_info"":""中国邮政储蓄银行西安市渝中支行""},{""entity_id"":""ACCT-HIST-005192-01"",""account_type"":""个人活期结算账户"",""holder_name"":""杨雨桐"",""holder_id_type"":""居民身份证"",""holder_id_number"":""610119995070422"",""account_open_date"":""2022-07-31"",""account_close_date"":"""",""account_number"":""622202100000088265"",""bank_card_type"":""借记卡"",""bank_card_number"":""622202100000088265"",""institution"":""中国邮政储蓄银行西安市武昌支行"",""bank_info"":""中国邮政储蓄银行西安市武昌支行""},{""entity_id"":""ACCT-HIST-005192-02"",""account_type"":""个人活期结算账户"",""holder_name"":""尤博文"",""holder_id_type"":""居民身份证"",""holder_id_number"":""610120005087513"",""account_open_date"":""2022-08-09"",""account_close_date"":"""",""account_number"":""622202100000088266"",""bank_card_type"":""借记卡"",""bank_card_number"":""622202100000088266"",""institution"":""中国邮政储蓄银行西安市锦江支行"",""bank_info"":""中国邮政储蓄银行西安市锦江支行""},{""entity_id"":""ACCT-HIST-005192-03"",""account_type"":""对公基本存款账户"",""holder_name"":""钱若兰"",""holder_id_type"":""居民身份证"",""holder_id_number"":""610120015104604"",""account_open_date"":""2022-08-18"",""account_close_date"":"""",""account_number"":""622202100000088267"",""bank_card_type"":""单位结算卡"",""bank_card_number"":""622202100000088267"",""institution"":""中国邮政储蓄银行西安市西湖支行"",""bank_info"":""中国邮政储蓄银行西安市西湖支行""},{""entity_id"":""ACCT-HIST-005192-04"",""account_type"":""个人活期结算账户"",""holder_name"":""蒋志强"",""holder_id_type"":""居民身份证"",""holder_id_number"":""610119985053331"",""account_open_date"":""2022-08-27"",""account_close_date"":"""",""account_number"":""622202100000088268"",""bank_card_type"":""借记卡"",""bank_card_number"":""622202100000088268"",""institution"":""中国邮政储蓄银行西安市高新支行"",""bank_info"":""中国邮政储蓄银行西安市高新支行""},{""entity_id"":""ACCT-HIST-005192-05"",""account_type"":""个人活期结算账户"",""holder_name"":""杨雨桐"",""holder_id_type"":""居民身份证"",""holder_id_number"":""610119995070422"",""account_open_date"":""2022-09-05"",""account_close_date"":"""",""account_number"":""622202100000088269"",""bank_card_type"":""借记卡"",""bank_card_number"":""622202100000088269"",""institution"":""中国邮政储蓄银行西安市曲江支行"",""bank_info"":""中国邮政储蓄银行西安市曲江支行""},{""entity_id"":""ACCT-HIST-005192-06"",""account_type"":""对公基本存款账户"",""holder_name"":""尤博文"",""holder_id_type"":""居民身份证"",""holder_id_number"":""610120005087513"",""account_open_date"":""2022-09-14"",""account_close_date"":"""",""account_number"":""622202100000088270"",""bank_card_type"":""单位结算卡"",""bank_card_number"":""622202100000088270"",""institution"":""中国邮政储蓄银行西安市渝中支行"",""bank_info"":""中国邮政储蓄银行西安市渝中支行""},{""entity_id"":""ACCT-HIST-005192-07"",""account_type"":""个人活期结算账户"",""holder_name"":""钱若兰"",""holder_id_type"":""居民身份证"",""holder_id_number"":""610120015104604"",""account_open_date"":""2022-09-23"",""account_close_date"":"""",""account_number"":""622202100000088271"",""bank_card_type"":""借记卡"",""bank_card_number"":""622202100000088271"",""institution"":""中国邮政储蓄银行西安市武昌支行"",""bank_info"":""中国邮政储蓄银行西安市武昌支行""},{""entity_id"":""ACCT-HIST-005192-08"",""account_type"":""个人活期结算账户"",""holder_name"":""蒋志强"",""holder_id_type"":""居民身份证"",""holder_id_number"":""610119985053331"",""account_open_date"":""2022-10-02"",""account_close_date"":"""",""account_number"":""622202100000088272"",""bank_card_type"":""借记卡"",""bank_card_number"":""622202100000088272"",""institution"":""中国邮政储蓄银行西安市锦江支行"",""bank_info"":""中国邮政储蓄银行西安市锦江支行""}]","[]"
"{""case_id"":""AML-HIST-005193"",""case_name"":""建筑工程领域关联企业对开票虚假结算风险案例005193"",""case_description"":""本案涉及沈若兰、朱明远、许思涵、孙建国等4名客户，2024-10-16至2024-11-18期间，11个关联账户累计发生22笔重点交易、金额9557334.00元，呈现关联企业对开票虚假结算、资金快进快出、关联账户协同交易、贴近报告阈值刻意规避等4组相互独立的可疑模式；相关资金形成可逐笔复核的多段行为链，现已提高客户风险等级并开展增强尽职调查。"",""business_domain"":""反洗钱与资金链风险识别"",""case_type"":""多模式异常资金链历史案例"",""submission_direction"":""01"",""case_trigger"":""01"",""urgency"":""03"",""report_date"":""2024-11-30"",""case_status"":""03"",""risk_level"":""02"",""suspected_crime_type"":""1002"",""suspicious_transaction_codes"":""ET063、ET009、ET012、ET053"",""suspicious_pattern_details"":[{""event_id"":""0000001"",""event_type_id"":""ET063"",""event_type"":""关联企业对开票虚假结算"",""event_name"":""沈若兰控制的账户实施关联企业对开票虚假结算相关行为"",""subject_entity_id"":""CUST-HIST-005193-A"",""subject_name"":""沈若兰"",""account_ids"":[""ACCT-HIST-005193-00"",""ACCT-HIST-005193-01""],""account_numbers"":[""622202100000088281"",""622202100000088282""],""event_start_date"":""2024-10-16"",""event_end_date"":""2024-10-22"",""total_amount_cny"":2363367,""transaction_ids"":[""TX-AML-HIST-005193-01-001"",""TX-AML-HIST-005193-01-002"",""TX-AML-HIST-005193-01-003"",""TX-AML-HIST-005193-01-004"",""TX-AML-HIST-005193-01-005"",""TX-AML-HIST-005193-01-006"",""TX-AML-HIST-005193-01-007""],""behavior_chain"":""企业间以采购名义付款后经服务商账户向原控制网络回流。具体顺序为：622202100000088281于2024-10-16向622202100000088282转账506435.79元，随后622202100000088282于2024-10-17向622202100000088281转账450165.14元，随后622202100000088281于2024-10-18向622202100000088281转账393894.50元，随后622202100000088282于2024-10-19向622202100000088282转账337623.86元，随后622202100000088281于2024-10-20向622202100000088281转账281353.21元，随后622202100000088282于2024-10-21向622202100000088282转账225082.57元，随后622202100000088281于2024-10-22向622202100000088281转账168811.93元。"",""fact"":""关联企业对开金额相近的发票并在结算后将资金转回原付款方"",""risk_indicator"":""发票对应关系、对开金额和回流路径；累计金额2363367.00元，交易7笔，资金最长停留11小时，共同设备关联3个账户"",""source_fact_summary"":""交易流水TX-AML-HIST-005193-01-001、TX-AML-HIST-005193-01-002、TX-AML-HIST-005193-01-003、TX-AML-HIST-005193-01-004、TX-AML-HIST-005193-01-005、TX-AML-HIST-005193-01-006、TX-AML-HIST-005193-01-007可与账户开户资料、登录设备日志、付款用途及业务凭证逐项对应；其中TX-AML-HIST-005193-01-001至TX-AML-HIST-005193-01-007共同构成该模式的完整资金链。""},{""event_id"":""0000002"",""event_type_id"":""ET009"",""event_type"":""资金快进快出"",""event_name"":""朱明远控制的账户实施资金快进快出相关行为"",""subject_entity_id"":""CUST-HIST-005193-B"",""subject_name"":""朱明远"",""account_ids"":[""ACCT-HIST-005193-02"",""ACCT-HIST-005193-03"",""ACCT-HIST-005193-04"",""ACCT-HIST-005193-05""],""account_numbers"":[""622202100000088283"",""622202100000088284"",""622202100000088285"",""622202100000088286""],""event_start_date"":""2024-10-26"",""event_end_date"":""2024-10-31"",""total_amount_cny"":2380678,""transaction_ids"":[""TX-AML-HIST-005193-02-001"",""TX-AML-HIST-005193-02-002"",""TX-AML-HIST-005193-02-003"",""TX-AML-HIST-005193-02-004"",""TX-AML-HIST-005193-02-005"",""TX-AML-HIST-005193-02-006""],""behavior_chain"":""资金从收款账户归集至中转账户后分散转往关联账户。具体顺序为：622202100000088283于2024-10-26向622202100000088284转账577134.06元，随后622202100000088284于2024-10-27向622202100000088285转账504992.30元，随后622202100000088285于2024-10-28向622202100000088286转账432850.55元，随后622202100000088286于2024-10-29向622202100000088283转账360708.79元，随后622202100000088283于2024-10-30向622202100000088285转账288567.03元，随后622202100000088284于2024-10-31向622202100000088286转账216425.27元。"",""fact"":""多名交易对手转入的资金在短时间内由中转账户连续划出，期末余额接近零"",""risk_indicator"":""资金停留时间、入账后转出比例和期末余额；累计金额2380678.00元，交易6笔，资金最长停留12小时，共同设备关联4个账户"",""source_fact_summary"":""交易流水TX-AML-HIST-005193-02-001、TX-AML-HIST-005193-02-002、TX-AML-HIST-005193-02-003、TX-AML-HIST-005193-02-004、TX-AML-HIST-005193-02-005、TX-AML-HIST-005193-02-006可与账户开户资料、登录设备日志、付款用途及业务凭证逐项对应；其中TX-AML-HIST-005193-02-001至TX-AML-HIST-005193-02-006共同构成该模式的完整资金链。""},{""event_id"":""0000003"",""event_type_id"":""ET012"",""event_type"":""关联账户协同交易"",""event_name"":""许思涵控制的账户实施关联账户协同交易相关行为"",""subject_entity_id"":""CUST-HIST-005193-C"",""subject_name"":""许思涵"",""account_ids"":[""ACCT-HIST-005193-06"",""ACCT-HIST-005193-07"",""ACCT-HIST-005193-08""],""account_numbers"":[""622202100000088287"",""622202100000088288"",""622202100000088289""],""event_start_date"":""2024-11-05"",""event_end_date"":""2024-11-09"",""total_amount_cny"":2397989,""transaction_ids"":[""TX-AML-HIST-005193-03-001"",""TX-AML-HIST-005193-03-002"",""TX-AML-HIST-005193-03-003"",""TX-AML-HIST-005193-03-004"",""TX-AML-HIST-005193-03-005""],""behavior_chain"":""关联客户账户交叉收付并共同使用登录设备，形成协同资金链。具体顺序为：622202100000088287于2024-11-05向622202100000088288转账671436.92元，随后622202100000088288于2024-11-06向622202100000088289转账575517.36元，随后622202100000088289于2024-11-07向622202100000088287转账479597.80元，随后622202100000088287于2024-11-08向622202100000088289转账383678.24元，随后622202100000088288于2024-11-09向622202100000088287转账287758.68元。"",""fact"":""多个关联账户使用相同设备与网络地址协同完成资金转移"",""risk_indicator"":""共享设备账户数、共同网络地址和交叉交易次数；累计金额2397989.00元，交易5笔，资金最长停留13小时，共同设备关联5个账户"",""source_fact_summary"":""交易流水TX-AML-HIST-005193-03-001、TX-AML-HIST-005193-03-002、TX-AML-HIST-005193-03-003、TX-AML-HIST-005193-03-004、TX-AML-HIST-005193-03-005可与账户开户资料、登录设备日志、付款用途及业务凭证逐项对应；其中TX-AML-HIST-005193-03-001至TX-AML-HIST-005193-03-005共同构成该模式的完整资金链。""},{""event_id"":""0000004"",""event_type_id"":""ET053"",""event_type"":""贴近报告阈值刻意规避"",""event_name"":""孙建国控制的账户实施贴近报告阈值刻意规避相关行为"",""subject_entity_id"":""CUST-HIST-005193-D"",""subject_name"":""孙建国"",""account_ids"":[""ACCT-HIST-005193-09"",""ACCT-HIST-005193-10""],""account_numbers"":[""622202100000088290"",""622202100000088291""],""event_start_date"":""2024-11-15"",""event_end_date"":""2024-11-18"",""total_amount_cny"":2415300,""transaction_ids"":[""TX-AML-HIST-005193-04-001"",""TX-AML-HIST-005193-04-002"",""TX-AML-HIST-005193-04-003"",""TX-AML-HIST-005193-04-004""],""behavior_chain"":""付款账户分笔向中转账户转账，再由中转账户统一划出。具体顺序为：622202100000088290于2024-11-15向622202100000088291转账805100.00元，随后622202100000088291于2024-11-16向622202100000088290转账670916.67元，随后622202100000088290于2024-11-17向622202100000088290转账536733.33元，随后622202100000088291于2024-11-18向622202100000088291转账402550.00元。"",""fact"":""多笔交易金额持续贴近机构内部监测阈值且由同一控制网络操作"",""risk_indicator"":""阈值附近交易笔数、时间间隔和共同控制信息；累计金额2415300.00元，交易4笔，资金最长停留14小时，共同设备关联2个账户"",""source_fact_summary"":""交易流水TX-AML-HIST-005193-04-001、TX-AML-HIST-005193-04-002、TX-AML-HIST-005193-04-003、TX-AML-HIST-005193-04-004可与账户开户资料、登录设备日志、付款用途及业务凭证逐项对应；其中TX-AML-HIST-005193-04-001至TX-AML-HIST-005193-04-004共同构成该模式的完整资金链。""}],""disposition_measures"":""提高客户风险等级、发起增强尽职调查、设置交易复核"",""province"":""重庆市"",""stat_window_start"":""2024-10-16"",""stat_window_end"":""2024-11-18"",""shared_device_id"":""DEV-AML-HIST-005193-SHARED"",""structured_transaction_summary"":{""stat_window_days"":34,""customer_count"":4,""account_count"":11,""tx_cnt_30d"":22,""in_tx_cnt_30d"":11,""out_tx_cnt_30d"":11,""tx_cirmb_amt_sum_30d"":9557334,""in_cirmb_amt_sum_30d"":4874240.34,""out_cirmb_amt_sum_30d"":4683093.66,""night_tx_cnt_30d"":4,""night_tx_ratio"":0.18,""counterparty_cnt_30d"":21,""currency_cnt_30d"":1}}","[{""entity_id"":""CUST-HIST-005193-A"",""customer_name"":""沈若兰"",""customer_number"":""C1000051930"",""id_type"":""居民身份证"",""id_number"":""610119995054301"",""occupation_industry"":""建筑工程"",""nationality"":""中国"",""address"":""重庆市高新区科技路33号"",""customer_risk_level"":""高风险"",""legal_representative_name"":""沈若兰"",""legal_representative_id_type"":""居民身份证"",""legal_representative_id_number"":""610119995054301"",""controller_name"":""沈若兰"",""controller_id_type"":""居民身份证"",""controller_id_number"":""610119805156847""},{""entity_id"":""CUST-HIST-005193-B"",""customer_name"":""朱明远"",""customer_number"":""C1000051931"",""id_type"":""居民身份证"",""id_number"":""610120005071392"",""occupation_industry"":""企业财务与资金管理"",""nationality"":""中国"",""address"":""重庆市经开区科技路33号"",""customer_risk_level"":""较高风险"",""legal_representative_name"":"""",""legal_representative_id_type"":"""",""legal_representative_id_number"":"""",""controller_name"":""尤雨桐"",""controller_id_type"":""居民身份证"",""controller_id_number"":""610119815173938""},{""entity_id"":""CUST-HIST-005193-C"",""customer_name"":""许思涵"",""customer_number"":""C1000051932"",""id_type"":""居民身份证"",""id_number"":""610120015088483"",""occupation_industry"":""企业财务与资金管理"",""nationality"":""中国"",""address"":""重庆市中心城区科技路33号"",""customer_risk_level"":""较高风险"",""legal_representative_name"":"""",""legal_representative_id_type"":"""",""legal_representative_id_number"":"""",""controller_name"":""尤雨桐"",""controller_id_type"":""居民身份证"",""controller_id_number"":""610119825191029""},{""entity_id"":""CUST-HIST-005193-D"",""customer_name"":""孙建国"",""customer_number"":""C1000051933"",""id_type"":""居民身份证"",""id_number"":""610120025105574"",""occupation_industry"":""企业财务与资金管理"",""nationality"":""中国"",""address"":""重庆市undefined科技路33号"",""customer_risk_level"":""较高风险"",""legal_representative_name"":"""",""legal_representative_id_type"":"""",""legal_representative_id_number"":"""",""controller_name"":""尤雨桐"",""controller_id_type"":""居民身份证"",""controller_id_number"":""6101198352081110""}]","{""analysis_text1"":""【一】发现情况\n本案例由日常交易监测和客户风险复核触发。观察窗口为2024-10-16至2024-11-18，涉及4名客户、11个账户及22笔重点交易，收付累计金额9557334.00元。现有事实呈现关联企业对开票虚假结算、资金快进快出、关联账户协同交易、贴近报告阈值刻意规避等4组相互独立的可疑行为特征。上述内容属于待核验风险事实，不构成对违法犯罪的认定。\n\n【二】客户基本情况\n1. 沈若兰（CUST-HIST-005193-A），客户号C1000051930，证件类型及号码为居民身份证610119995054301，职业或经营行业为建筑工程，常住或经营地址为重庆市高新区科技路33号，当前客户风险等级为高风险，登记实际控制人为沈若兰。\n2. 朱明远（CUST-HIST-005193-B），客户号C1000051931，证件类型及号码为居民身份证610120005071392，职业或经营行业为企业财务与资金管理，常住或经营地址为重庆市经开区科技路33号，当前客户风险等级为较高风险，登记实际控制人为尤雨桐。\n3. 许思涵（CUST-HIST-005193-C），客户号C1000051932，证件类型及号码为居民身份证610120015088483，职业或经营行业为企业财务与资金管理，常住或经营地址为重庆市中心城区科技路33号，当前客户风险等级为较高风险，登记实际控制人为尤雨桐。\n4. 孙建国（CUST-HIST-005193-D），客户号C1000051933，证件类型及号码为居民身份证610120025105574，职业或经营行业为企业财务与资金管理，常住或经营地址为重庆市undefined科技路33号，当前客户风险等级为较高风险，登记实际控制人为尤雨桐。\n客户与账户通过稳定实体标识对应，未将同名主体自行合并。现有客户资料能够支持身份、行业、地区和风险等级核验，收入规模、历史经营基线及受益所有权证明仍需进一步补充。\n\n【三】开户与整体交易\n本案账户情况如下：\n1. 沈若兰名下账户ACCT-HIST-005193-00，账号622202100000088281，账户类型为对公基本存款账户，于2023年8月23日在中国邮政储蓄银行重庆市武昌支行开立，账户载体为单位结算卡。\n2. 朱明远名下账户ACCT-HIST-005193-01，账号622202100000088282，账户类型为个人活期结算账户，于2023年9月1日在中国邮政储蓄银行重庆市锦江支行开立，账户载体为借记卡。\n3. 许思涵名下账户ACCT-HIST-005193-02，账号622202100000088283，账户类型为个人活期结算账户，于2023年9月10日在中国邮政储蓄银行重庆市西湖支行开立，账户载体为借记卡。\n4. 孙建国名下账户ACCT-HIST-005193-03，账号622202100000088284，账户类型为对公基本存款账户，于2023年9月19日在中国邮政储蓄银行重庆市高新支行开立，账户载体为单位结算卡。\n5. 沈若兰名下账户ACCT-HIST-005193-04，账号622202100000088285，账户类型为个人活期结算账户，于2023年9月28日在中国邮政储蓄银行重庆市曲江支行开立，账户载体为借记卡。\n6. 朱明远名下账户ACCT-HIST-005193-05，账号622202100000088286，账户类型为个人活期结算账户，于2023年10月7日在中国邮政储蓄银行重庆市渝中支行开立，账户载体为借记卡。\n7. 许思涵名下账户ACCT-HIST-005193-06，账号622202100000088287，账户类型为对公基本存款账户，于2023年10月16日在中国邮政储蓄银行重庆市武昌支行开立，账户载体为单位结算卡。\n8. 孙建国名下账户ACCT-HIST-005193-07，账号622202100000088288，账户类型为个人活期结算账户，于2023年10月25日在中国邮政储蓄银行重庆市锦江支行开立，账户载体为借记卡。\n9. 沈若兰名下账户ACCT-HIST-005193-08，账号622202100000088289，账户类型为个人活期结算账户，于2023年11月3日在中国邮政储蓄银行重庆市西湖支行开立，账户载体为借记卡。\n10. 朱明远名下账户ACCT-HIST-005193-09，账号622202100000088290，账户类型为对公基本存款账户，于2023年11月12日在中国邮政储蓄银行重庆市高新支行开立，账户载体为单位结算卡。\n11. 许思涵名下账户ACCT-HIST-005193-10，账号622202100000088291，账户类型为个人活期结算账户，于2023年11月21日在中国邮政储蓄银行重庆市曲江支行开立，账户载体为借记卡。\n观察期内逐笔重点交易如下：\n1. 2024-10-16 08:11:07，流水TX-AML-HIST-005193-01-001，付款账号622202100000088281通过柜面转账向收款账号622202100000088282转账506435.79元，用途记载为项目款结算，交易对手名称为嘉禾物流有限公司，操作设备DEV-AML-HIST-005193-1，网络地址172.173.10.21。\n2. 2024-10-17 10:12:08，流水TX-AML-HIST-005193-01-002，付款账号622202100000088282通过网上银行向收款账号622202100000088281转账450165.14元，用途记载为供应链采购款，交易对手名称为安泰工程有限公司，操作设备DEV-AML-HIST-005193-1，网络地址172.173.10.22。\n3. 2024-10-18 12:13:09，流水TX-AML-HIST-005193-01-003，付款账号622202100000088281通过柜面转账向收款账号622202100000088281转账393894.50元，用途记载为咨询服务费，交易对手名称为瑞丰科技有限公司，操作设备DEV-AML-HIST-005193-1，网络地址172.173.10.23。\n4. 2024-10-19 23:14:10，流水TX-AML-HIST-005193-01-004，付款账号622202100000088282通过手机银行向收款账号622202100000088282转账337623.86元，用途记载为劳务服务费，交易对手名称为华辰供应链有限公司，操作设备DEV-AML-HIST-005193-1，网络地址172.173.10.24。\n5. 2024-10-20 16:15:11，流水TX-AML-HIST-005193-01-005，付款账号622202100000088281通过柜面转账向收款账号622202100000088281转账281353.21元，用途记载为往来款，交易对手名称为盛达咨询服务有限公司，操作设备DEV-AML-HIST-005193-1，网络地址172.173.10.25。\n6. 2024-10-21 18:16:12，流水TX-AML-HIST-005193-01-006，付款账号622202100000088282通过网上银行向收款账号622202100000088282转账225082.57元，用途记载为undefined，交易对手名称为恒信商贸有限公司，操作设备DEV-AML-HIST-005193-1，网络地址172.173.10.26。\n7. 2024-10-22 08:17:13，流水TX-AML-HIST-005193-01-007，付款账号622202100000088281通过柜面转账向收款账号622202100000088281转账168811.93元，用途记载为undefined，交易对手名称为嘉禾物流有限公司，操作设备DEV-AML-HIST-005193-1，网络地址172.173.10.27。\n8. 2024-10-26 09:11:07，流水TX-AML-HIST-005193-02-001，付款账号622202100000088283通过柜面转账向收款账号622202100000088284转账577134.06元，用途记载为项目款结算，交易对手名称为安泰工程有限公司，操作设备DEV-AML-HIST-005193-2，网络地址172.173.11.21。\n9. 2024-10-27 11:12:08，流水TX-AML-HIST-005193-02-002，付款账号622202100000088284通过网上银行向收款账号622202100000088285转账504992.30元，用途记载为供应链采购款，交易对手名称为瑞丰科技有限公司，操作设备DEV-AML-HIST-005193-2，网络地址172.173.11.22。\n10. 2024-10-28 23:13:09，流水TX-AML-HIST-005193-02-003，付款账号622202100000088285通过柜面转账向收款账号622202100000088286转账432850.55元，用途记载为咨询服务费，交易对手名称为华辰供应链有限公司，操作设备DEV-AML-HIST-005193-2，网络地址172.173.11.23。\n11. 2024-10-29 15:14:10，流水TX-AML-HIST-005193-02-004，付款账号622202100000088286通过手机银行向收款账号622202100000088283转账360708.79元，用途记载为劳务服务费，交易对手名称为盛达咨询服务有限公司，操作设备DEV-AML-HIST-005193-2，网络地址172.173.11.24。\n12. 2024-10-30 17:15:11，流水TX-AML-HIST-005193-02-005，付款账号622202100000088283通过柜面转账向收款账号622202100000088285转账288567.03元，用途记载为往来款，交易对手名称为恒信商贸有限公司，操作设备DEV-AML-HIST-005193-2，网络地址172.173.11.25。\n13. 2024-10-31 19:16:12，流水TX-AML-HIST-005193-02-006，付款账号622202100000088284通过网上银行向收款账号622202100000088286转账216425.27元，用途记载为undefined，交易对手名称为嘉禾物流有限公司，操作设备DEV-AML-HIST-005193-2，网络地址172.173.11.26。\n14. 2024-11-05 10:11:07，流水TX-AML-HIST-005193-03-001，付款账号622202100000088287通过柜面转账向收款账号622202100000088288转账671436.92元，用途记载为项目款结算，交易对手名称为瑞丰科技有限公司，操作设备DEV-AML-HIST-005193-3，网络地址172.173.12.21。\n15. 2024-11-06 23:12:08，流水TX-AML-HIST-005193-03-002，付款账号622202100000088288通过网上银行向收款账号622202100000088289转账575517.36元，用途记载为供应链采购款，交易对手名称为华辰供应链有限公司，操作设备DEV-AML-HIST-005193-3，网络地址172.173.12.22。\n16. 2024-11-07 14:13:09，流水TX-AML-HIST-005193-03-003，付款账号622202100000088289通过柜面转账向收款账号622202100000088287转账479597.80元，用途记载为咨询服务费，交易对手名称为盛达咨询服务有限公司，操作设备DEV-AML-HIST-005193-3，网络地址172.173.12.23。\n17. 2024-11-08 16:14:10，流水TX-AML-HIST-005193-03-004，付款账号622202100000088287通过手机银行向收款账号622202100000088289转账383678.24元，用途记载为劳务服务费，交易对手名称为恒信商贸有限公司，操作设备DEV-AML-HIST-005193-3，网络地址172.173.12.24。\n18. 2024-11-09 18:15:11，流水TX-AML-HIST-005193-03-005，付款账号622202100000088288通过柜面转账向收款账号622202100000088287转账287758.68元，用途记载为往来款，交易对手名称为嘉禾物流有限公司，操作设备DEV-AML-HIST-005193-3，网络地址172.173.12.25。\n19. 2024-11-15 23:11:07，流水TX-AML-HIST-005193-04-001，付款账号622202100000088290通过柜面转账向收款账号622202100000088291转账805100.00元，用途记载为项目款结算，交易对手名称为华辰供应链有限公司，操作设备DEV-AML-HIST-005193-4，网络地址172.173.13.21。\n20. 2024-11-16 13:12:08，流水TX-AML-HIST-005193-04-002，付款账号622202100000088291通过网上银行向收款账号622202100000088290转账670916.67元，用途记载为供应链采购款，交易对手名称为盛达咨询服务有限公司，操作设备DEV-AML-HIST-005193-4，网络地址172.173.13.22。\n21. 2024-11-17 15:13:09，流水TX-AML-HIST-005193-04-003，付款账号622202100000088290通过柜面转账向收款账号622202100000088290转账536733.33元，用途记载为咨询服务费，交易对手名称为恒信商贸有限公司，操作设备DEV-AML-HIST-005193-4，网络地址172.173.13.23。\n22. 2024-11-18 17:14:10，流水TX-AML-HIST-005193-04-004，付款账号622202100000088291通过手机银行向收款账号622202100000088291转账402550.00元，用途记载为劳务服务费，交易对手名称为嘉禾物流有限公司，操作设备DEV-AML-HIST-005193-4，网络地址172.173.13.24。\n全案观察期口径共发生22笔重点收付，其中收款11笔、付款11笔，累计金额9557334.00元；夜间交易4笔。上述流水均保留交易日期、时间、付款账户、收款账户、金额、渠道、用途、交易对手、设备和网络地址，可按流水号逐项复核。\n\n【四】资金来源与去向\n1. 沈若兰控制的账户实施关联企业对开票虚假结算相关行为。该组事实对应关联企业对开票虚假结算，独立观察期间为2024-10-16至2024-10-22，独立涉及账户为622202100000088281（ACCT-HIST-005193-00）、622202100000088282（ACCT-HIST-005193-01），独立统计交易7笔、金额2363367.00元。行为链表现为：企业间以采购名义付款后经服务商账户向原控制网络回流。具体顺序为：622202100000088281于2024-10-16向622202100000088282转账506435.79元，随后622202100000088282于2024-10-17向622202100000088281转账450165.14元，随后622202100000088281于2024-10-18向622202100000088281转账393894.50元，随后622202100000088282于2024-10-19向622202100000088282转账337623.86元，随后622202100000088281于2024-10-20向622202100000088281转账281353.21元，随后622202100000088282于2024-10-21向622202100000088282转账225082.57元，随后622202100000088281于2024-10-22向622202100000088281转账168811.93元。可复核逐笔流水为：TX-AML-HIST-005193-01-001（2024-10-16，622202100000088281向622202100000088282转账506435.79元）；TX-AML-HIST-005193-01-002（2024-10-17，622202100000088282向622202100000088281转账450165.14元）；TX-AML-HIST-005193-01-003（2024-10-18，622202100000088281向622202100000088281转账393894.50元）；TX-AML-HIST-005193-01-004（2024-10-19，622202100000088282向622202100000088282转账337623.86元）；TX-AML-HIST-005193-01-005（2024-10-20，622202100000088281向622202100000088281转账281353.21元）；TX-AML-HIST-005193-01-006（2024-10-21，622202100000088282向622202100000088282转账225082.57元）；TX-AML-HIST-005193-01-007（2024-10-22，622202100000088281向622202100000088281转账168811.93元）。关联企业对开金额相近的发票并在结算后将资金转回原付款方；结构化特征为发票对应关系、对开金额和回流路径；累计金额2363367.00元，交易7笔，资金最长停留11小时，共同设备关联3个账户。证据方面，交易流水TX-AML-HIST-005193-01-001、TX-AML-HIST-005193-01-002、TX-AML-HIST-005193-01-003、TX-AML-HIST-005193-01-004、TX-AML-HIST-005193-01-005、TX-AML-HIST-005193-01-006、TX-AML-HIST-005193-01-007可与账户开户资料、登录设备日志、付款用途及业务凭证逐项对应；其中TX-AML-HIST-005193-01-001至TX-AML-HIST-005193-01-007共同构成该模式的完整资金链。该模式单独统计、单独核验，不与其他模式合并计算。\n2. 朱明远控制的账户实施资金快进快出相关行为。该组事实对应资金快进快出，独立观察期间为2024-10-26至2024-10-31，独立涉及账户为622202100000088283（ACCT-HIST-005193-02）、622202100000088284（ACCT-HIST-005193-03）、622202100000088285（ACCT-HIST-005193-04）、622202100000088286（ACCT-HIST-005193-05），独立统计交易6笔、金额2380678.00元。行为链表现为：资金从收款账户归集至中转账户后分散转往关联账户。具体顺序为：622202100000088283于2024-10-26向622202100000088284转账577134.06元，随后622202100000088284于2024-10-27向622202100000088285转账504992.30元，随后622202100000088285于2024-10-28向622202100000088286转账432850.55元，随后622202100000088286于2024-10-29向622202100000088283转账360708.79元，随后622202100000088283于2024-10-30向622202100000088285转账288567.03元，随后622202100000088284于2024-10-31向622202100000088286转账216425.27元。可复核逐笔流水为：TX-AML-HIST-005193-02-001（2024-10-26，622202100000088283向622202100000088284转账577134.06元）；TX-AML-HIST-005193-02-002（2024-10-27，622202100000088284向622202100000088285转账504992.30元）；TX-AML-HIST-005193-02-003（2024-10-28，622202100000088285向622202100000088286转账432850.55元）；TX-AML-HIST-005193-02-004（2024-10-29，622202100000088286向622202100000088283转账360708.79元）；TX-AML-HIST-005193-02-005（2024-10-30，622202100000088283向622202100000088285转账288567.03元）；TX-AML-HIST-005193-02-006（2024-10-31，622202100000088284向622202100000088286转账216425.27元）。多名交易对手转入的资金在短时间内由中转账户连续划出，期末余额接近零；结构化特征为资金停留时间、入账后转出比例和期末余额；累计金额2380678.00元，交易6笔，资金最长停留12小时，共同设备关联4个账户。证据方面，交易流水TX-AML-HIST-005193-02-001、TX-AML-HIST-005193-02-002、TX-AML-HIST-005193-02-003、TX-AML-HIST-005193-02-004、TX-AML-HIST-005193-02-005、TX-AML-HIST-005193-02-006可与账户开户资料、登录设备日志、付款用途及业务凭证逐项对应；其中TX-AML-HIST-005193-02-001至TX-AML-HIST-005193-02-006共同构成该模式的完整资金链。该模式单独统计、单独核验，不与其他模式合并计算。\n3. 许思涵控制的账户实施关联账户协同交易相关行为。该组事实对应关联账户协同交易，独立观察期间为2024-11-05至2024-11-09，独立涉及账户为622202100000088287（ACCT-HIST-005193-06）、622202100000088288（ACCT-HIST-005193-07）、622202100000088289（ACCT-HIST-005193-08），独立统计交易5笔、金额2397989.00元。行为链表现为：关联客户账户交叉收付并共同使用登录设备，形成协同资金链。具体顺序为：622202100000088287于2024-11-05向622202100000088288转账671436.92元，随后622202100000088288于2024-11-06向622202100000088289转账575517.36元，随后622202100000088289于2024-11-07向622202100000088287转账479597.80元，随后622202100000088287于2024-11-08向622202100000088289转账383678.24元，随后622202100000088288于2024-11-09向622202100000088287转账287758.68元。可复核逐笔流水为：TX-AML-HIST-005193-03-001（2024-11-05，622202100000088287向622202100000088288转账671436.92元）；TX-AML-HIST-005193-03-002（2024-11-06，622202100000088288向622202100000088289转账575517.36元）；TX-AML-HIST-005193-03-003（2024-11-07，622202100000088289向622202100000088287转账479597.80元）；TX-AML-HIST-005193-03-004（2024-11-08，622202100000088287向622202100000088289转账383678.24元）；TX-AML-HIST-005193-03-005（2024-11-09，622202100000088288向622202100000088287转账287758.68元）。多个关联账户使用相同设备与网络地址协同完成资金转移；结构化特征为共享设备账户数、共同网络地址和交叉交易次数；累计金额2397989.00元，交易5笔，资金最长停留13小时，共同设备关联5个账户。证据方面，交易流水TX-AML-HIST-005193-03-001、TX-AML-HIST-005193-03-002、TX-AML-HIST-005193-03-003、TX-AML-HIST-005193-03-004、TX-AML-HIST-005193-03-005可与账户开户资料、登录设备日志、付款用途及业务凭证逐项对应；其中TX-AML-HIST-005193-03-001至TX-AML-HIST-005193-03-005共同构成该模式的完整资金链。该模式单独统计、单独核验，不与其他模式合并计算。\n4. 孙建国控制的账户实施贴近报告阈值刻意规避相关行为。该组事实对应贴近报告阈值刻意规避，独立观察期间为2024-11-15至2024-11-18，独立涉及账户为622202100000088290（ACCT-HIST-005193-09）、622202100000088291（ACCT-HIST-005193-10），独立统计交易4笔、金额2415300.00元。行为链表现为：付款账户分笔向中转账户转账，再由中转账户统一划出。具体顺序为：622202100000088290于2024-11-15向622202100000088291转账805100.00元，随后622202100000088291于2024-11-16向622202100000088290转账670916.67元，随后622202100000088290于2024-11-17向622202100000088290转账536733.33元，随后622202100000088291于2024-11-18向622202100000088291转账402550.00元。可复核逐笔流水为：TX-AML-HIST-005193-04-001（2024-11-15，622202100000088290向622202100000088291转账805100.00元）；TX-AML-HIST-005193-04-002（2024-11-16，622202100000088291向622202100000088290转账670916.67元）；TX-AML-HIST-005193-04-003（2024-11-17，622202100000088290向622202100000088290转账536733.33元）；TX-AML-HIST-005193-04-004（2024-11-18，622202100000088291向622202100000088291转账402550.00元）。多笔交易金额持续贴近机构内部监测阈值且由同一控制网络操作；结构化特征为阈值附近交易笔数、时间间隔和共同控制信息；累计金额2415300.00元，交易4笔，资金最长停留14小时，共同设备关联2个账户。证据方面，交易流水TX-AML-HIST-005193-04-001、TX-AML-HIST-005193-04-002、TX-AML-HIST-005193-04-003、TX-AML-HIST-005193-04-004可与账户开户资料、登录设备日志、付款用途及业务凭证逐项对应；其中TX-AML-HIST-005193-04-001至TX-AML-HIST-005193-04-004共同构成该模式的完整资金链。该模式单独统计、单独核验，不与其他模式合并计算。\n\n【五】客户主体分析\n沈若兰（CUST-HIST-005193-A）、朱明远（CUST-HIST-005193-B）、许思涵（CUST-HIST-005193-C）、孙建国（CUST-HIST-005193-D）在同一观察窗口内涉及上述账户资金链，交易规模、夜间操作、共享设备和账户间往来相互印证，提示账户可能被用于资金归集、中转或回流。现有材料同时不能排除集中结算、项目周期性付款、关联企业正常往来等替代解释。机构已提高客户风险等级、发起增强尽职调查并设置交易复核；后续应核对经营规模、合同发票、物流或服务成果、受益所有人、账户实际控制关系和资金最终用途。"",""analysis_text2"":""【一】案例概述\n本案涉及沈若兰、朱明远、许思涵、孙建国等4名客户，2024-10-16至2024-11-18期间，11个关联账户累计发生22笔重点交易、金额9557334.00元，呈现关联企业对开票虚假结算、资金快进快出、关联账户协同交易、贴近报告阈值刻意规避等4组相互独立的可疑模式；相关资金形成可逐笔复核的多段行为链，现已提高客户风险等级并开展增强尽职调查。本案当前处于风险复核阶段，4组可疑模式均以独立账户集合、独立日期范围、独立金额及逐笔流水为依据，未将不同模式合并统计。\n\n【二】客户主体分析\n主要关注客户为沈若兰（CUST-HIST-005193-A，建筑工程，高风险）、朱明远（CUST-HIST-005193-B，企业财务与资金管理，较高风险）、许思涵（CUST-HIST-005193-C，企业财务与资金管理，较高风险）、孙建国（CUST-HIST-005193-D，企业财务与资金管理，较高风险）。客户名下账户开户资料齐备，但现有交易规模和多段资金链需要与其实际经营范围、收入来源、账户声明用途及受益所有权材料进一步比对。基于现有资料只能形成风险关注方向，不能据此认定客户实施违法犯罪行为。\n\n【三】客户交易分析\n1. 资金交易方向\n1. 沈若兰控制的账户实施关联企业对开票虚假结算相关行为。该组事实对应关联企业对开票虚假结算，独立观察期间为2024-10-16至2024-10-22，独立涉及账户为622202100000088281（ACCT-HIST-005193-00）、622202100000088282（ACCT-HIST-005193-01），独立统计交易7笔、金额2363367.00元。行为链表现为：企业间以采购名义付款后经服务商账户向原控制网络回流。具体顺序为：622202100000088281于2024-10-16向622202100000088282转账506435.79元，随后622202100000088282于2024-10-17向622202100000088281转账450165.14元，随后622202100000088281于2024-10-18向622202100000088281转账393894.50元，随后622202100000088282于2024-10-19向622202100000088282转账337623.86元，随后622202100000088281于2024-10-20向622202100000088281转账281353.21元，随后622202100000088282于2024-10-21向622202100000088282转账225082.57元，随后622202100000088281于2024-10-22向622202100000088281转账168811.93元。可复核逐笔流水为：TX-AML-HIST-005193-01-001（2024-10-16，622202100000088281向622202100000088282转账506435.79元）；TX-AML-HIST-005193-01-002（2024-10-17，622202100000088282向622202100000088281转账450165.14元）；TX-AML-HIST-005193-01-003（2024-10-18，622202100000088281向622202100000088281转账393894.50元）；TX-AML-HIST-005193-01-004（2024-10-19，622202100000088282向622202100000088282转账337623.86元）；TX-AML-HIST-005193-01-005（2024-10-20，622202100000088281向622202100000088281转账281353.21元）；TX-AML-HIST-005193-01-006（2024-10-21，622202100000088282向622202100000088282转账225082.57元）；TX-AML-HIST-005193-01-007（2024-10-22，622202100000088281向622202100000088281转账168811.93元）。关联企业对开金额相近的发票并在结算后将资金转回原付款方；结构化特征为发票对应关系、对开金额和回流路径；累计金额2363367.00元，交易7笔，资金最长停留11小时，共同设备关联3个账户。证据方面，交易流水TX-AML-HIST-005193-01-001、TX-AML-HIST-005193-01-002、TX-AML-HIST-005193-01-003、TX-AML-HIST-005193-01-004、TX-AML-HIST-005193-01-005、TX-AML-HIST-005193-01-006、TX-AML-HIST-005193-01-007可与账户开户资料、登录设备日志、付款用途及业务凭证逐项对应；其中TX-AML-HIST-005193-01-001至TX-AML-HIST-005193-01-007共同构成该模式的完整资金链。该模式单独统计、单独核验，不与其他模式合并计算。\n2. 朱明远控制的账户实施资金快进快出相关行为。该组事实对应资金快进快出，独立观察期间为2024-10-26至2024-10-31，独立涉及账户为622202100000088283（ACCT-HIST-005193-02）、622202100000088284（ACCT-HIST-005193-03）、622202100000088285（ACCT-HIST-005193-04）、622202100000088286（ACCT-HIST-005193-05），独立统计交易6笔、金额2380678.00元。行为链表现为：资金从收款账户归集至中转账户后分散转往关联账户。具体顺序为：622202100000088283于2024-10-26向622202100000088284转账577134.06元，随后622202100000088284于2024-10-27向622202100000088285转账504992.30元，随后622202100000088285于2024-10-28向622202100000088286转账432850.55元，随后622202100000088286于2024-10-29向622202100000088283转账360708.79元，随后622202100000088283于2024-10-30向622202100000088285转账288567.03元，随后622202100000088284于2024-10-31向622202100000088286转账216425.27元。可复核逐笔流水为：TX-AML-HIST-005193-02-001（2024-10-26，622202100000088283向622202100000088284转账577134.06元）；TX-AML-HIST-005193-02-002（2024-10-27，622202100000088284向622202100000088285转账504992.30元）；TX-AML-HIST-005193-02-003（2024-10-28，622202100000088285向622202100000088286转账432850.55元）；TX-AML-HIST-005193-02-004（2024-10-29，622202100000088286向622202100000088283转账360708.79元）；TX-AML-HIST-005193-02-005（2024-10-30，622202100000088283向622202100000088285转账288567.03元）；TX-AML-HIST-005193-02-006（2024-10-31，622202100000088284向622202100000088286转账216425.27元）。多名交易对手转入的资金在短时间内由中转账户连续划出，期末余额接近零；结构化特征为资金停留时间、入账后转出比例和期末余额；累计金额2380678.00元，交易6笔，资金最长停留12小时，共同设备关联4个账户。证据方面，交易流水TX-AML-HIST-005193-02-001、TX-AML-HIST-005193-02-002、TX-AML-HIST-005193-02-003、TX-AML-HIST-005193-02-004、TX-AML-HIST-005193-02-005、TX-AML-HIST-005193-02-006可与账户开户资料、登录设备日志、付款用途及业务凭证逐项对应；其中TX-AML-HIST-005193-02-001至TX-AML-HIST-005193-02-006共同构成该模式的完整资金链。该模式单独统计、单独核验，不与其他模式合并计算。\n3. 许思涵控制的账户实施关联账户协同交易相关行为。该组事实对应关联账户协同交易，独立观察期间为2024-11-05至2024-11-09，独立涉及账户为622202100000088287（ACCT-HIST-005193-06）、622202100000088288（ACCT-HIST-005193-07）、622202100000088289（ACCT-HIST-005193-08），独立统计交易5笔、金额2397989.00元。行为链表现为：关联客户账户交叉收付并共同使用登录设备，形成协同资金链。具体顺序为：622202100000088287于2024-11-05向622202100000088288转账671436.92元，随后622202100000088288于2024-11-06向622202100000088289转账575517.36元，随后622202100000088289于2024-11-07向622202100000088287转账479597.80元，随后622202100000088287于2024-11-08向622202100000088289转账383678.24元，随后622202100000088288于2024-11-09向622202100000088287转账287758.68元。可复核逐笔流水为：TX-AML-HIST-005193-03-001（2024-11-05，622202100000088287向622202100000088288转账671436.92元）；TX-AML-HIST-005193-03-002（2024-11-06，622202100000088288向622202100000088289转账575517.36元）；TX-AML-HIST-005193-03-003（2024-11-07，622202100000088289向622202100000088287转账479597.80元）；TX-AML-HIST-005193-03-004（2024-11-08，622202100000088287向622202100000088289转账383678.24元）；TX-AML-HIST-005193-03-005（2024-11-09，622202100000088288向622202100000088287转账287758.68元）。多个关联账户使用相同设备与网络地址协同完成资金转移；结构化特征为共享设备账户数、共同网络地址和交叉交易次数；累计金额2397989.00元，交易5笔，资金最长停留13小时，共同设备关联5个账户。证据方面，交易流水TX-AML-HIST-005193-03-001、TX-AML-HIST-005193-03-002、TX-AML-HIST-005193-03-003、TX-AML-HIST-005193-03-004、TX-AML-HIST-005193-03-005可与账户开户资料、登录设备日志、付款用途及业务凭证逐项对应；其中TX-AML-HIST-005193-03-001至TX-AML-HIST-005193-03-005共同构成该模式的完整资金链。该模式单独统计、单独核验，不与其他模式合并计算。\n4. 孙建国控制的账户实施贴近报告阈值刻意规避相关行为。该组事实对应贴近报告阈值刻意规避，独立观察期间为2024-11-15至2024-11-18，独立涉及账户为622202100000088290（ACCT-HIST-005193-09）、622202100000088291（ACCT-HIST-005193-10），独立统计交易4笔、金额2415300.00元。行为链表现为：付款账户分笔向中转账户转账，再由中转账户统一划出。具体顺序为：622202100000088290于2024-11-15向622202100000088291转账805100.00元，随后622202100000088291于2024-11-16向622202100000088290转账670916.67元，随后622202100000088290于2024-11-17向622202100000088290转账536733.33元，随后622202100000088291于2024-11-18向622202100000088291转账402550.00元。可复核逐笔流水为：TX-AML-HIST-005193-04-001（2024-11-15，622202100000088290向622202100000088291转账805100.00元）；TX-AML-HIST-005193-04-002（2024-11-16，622202100000088291向622202100000088290转账670916.67元）；TX-AML-HIST-005193-04-003（2024-11-17，622202100000088290向622202100000088290转账536733.33元）；TX-AML-HIST-005193-04-004（2024-11-18，622202100000088291向622202100000088291转账402550.00元）。多笔交易金额持续贴近机构内部监测阈值且由同一控制网络操作；结构化特征为阈值附近交易笔数、时间间隔和共同控制信息；累计金额2415300.00元，交易4笔，资金最长停留14小时，共同设备关联2个账户。证据方面，交易流水TX-AML-HIST-005193-04-001、TX-AML-HIST-005193-04-002、TX-AML-HIST-005193-04-003、TX-AML-HIST-005193-04-004可与账户开户资料、登录设备日志、付款用途及业务凭证逐项对应；其中TX-AML-HIST-005193-04-001至TX-AML-HIST-005193-04-004共同构成该模式的完整资金链。该模式单独统计、单独核验，不与其他模式合并计算。\n\n2. 账号方向\n4组模式分别使用第1组账户622202100000088281、622202100000088282（2024-10-16至2024-10-22，2363367.00元）；第2组账户622202100000088283、622202100000088284、622202100000088285、622202100000088286（2024-10-26至2024-10-31，2380678.00元）；第3组账户622202100000088287、622202100000088288、622202100000088289（2024-11-05至2024-11-09，2397989.00元）；第4组账户622202100000088290、622202100000088291（2024-11-15至2024-11-18，2415300.00元）。账户组之间不交叉代替，各组行为链均可由对应流水、开户资料和设备日志复核。账户间的频繁过渡和部分回流提示资金周转倾向，但账户实际控制关系仍需通过登录日志、柜面凭证和客户访谈确认。\n\n3. 交易对手方向\n1. 关联企业对开票虚假结算对应交易对手包括嘉禾物流有限公司、安泰工程有限公司、瑞丰科技有限公司、华辰供应链有限公司、盛达咨询服务有限公司、恒信商贸有限公司；涉及日期2024-10-16至2024-10-22，对应金额2363367.00元，需结合合同、发票、物流或服务成果核验交易背景。\n2. 资金快进快出对应交易对手包括安泰工程有限公司、瑞丰科技有限公司、华辰供应链有限公司、盛达咨询服务有限公司、恒信商贸有限公司、嘉禾物流有限公司；涉及日期2024-10-26至2024-10-31，对应金额2380678.00元，需结合合同、发票、物流或服务成果核验交易背景。\n3. 关联账户协同交易对应交易对手包括瑞丰科技有限公司、华辰供应链有限公司、盛达咨询服务有限公司、恒信商贸有限公司、嘉禾物流有限公司；涉及日期2024-11-05至2024-11-09，对应金额2397989.00元，需结合合同、发票、物流或服务成果核验交易背景。\n4. 贴近报告阈值刻意规避对应交易对手包括华辰供应链有限公司、盛达咨询服务有限公司、恒信商贸有限公司、嘉禾物流有限公司；涉及日期2024-11-15至2024-11-18，对应金额2415300.00元，需结合合同、发票、物流或服务成果核验交易背景。\n交易对手覆盖多个行业名称，单凭名称及交易次数不能认定其为空壳主体或异常对手；应逐户核验工商信息、合同履约、发票开具、物流轨迹、服务成果和最终受益人。\n\n4. 司法查询方向\n现有材料未提供司法查询、协查、冻结、止付或有权机关认定结果，因此本方向暂不作确定判断。后续如取得相关资料，应与本案逐笔流水、账户控制关系和交易用途分别核验，不得以单一查询结果替代完整事实审查。\n\n【四】综合分析\n有事实支持的风险指标包括：观察期内22笔逐笔流水及9557334.00元累计交易均可定位到具体账户；4组模式分别记录了日期、金额、行为链和证据链；夜间交易4笔；共享设备DEV-AML-HIST-005193-SHARED与多个账户存在关联。具有一定支持的候选疑点为资金归集后分散、关联账户过渡、异常公转私或回流等行为，具体对应关联企业对开票虚假结算、资金快进快出、关联账户协同交易、贴近报告阈值刻意规避。当前不能确认相关资金具有违法来源，也不能排除项目结算、供应链付款、关联企业往来和短期经营周转等正常解释。关键数据缺口包括完整账户余额序列、合同发票原件、物流或服务成果、客户历史基线、交易对手尽调、设备实际使用人和外部调查反馈。建议逐笔核验本报告列明的流水，分别复核每组模式的账户、日期、金额和行为链，补充增强尽职调查材料，并将核验结果提交有权审批岗复核。""}","[{""entity_id"":""ACCT-HIST-005193-00"",""account_type"":""对公基本存款账户"",""holder_name"":""沈若兰"",""holder_id_type"":""居民身份证"",""holder_id_number"":""610119995054301"",""account_open_date"":""2023-08-23"",""account_close_date"":"""",""account_number"":""622202100000088281"",""bank_card_type"":""单位结算卡"",""bank_card_number"":""622202100000088281"",""institution"":""中国邮政储蓄银行重庆市武昌支行"",""bank_info"":""中国邮政储蓄银行重庆市武昌支行""},{""entity_id"":""ACCT-HIST-005193-01"",""account_type"":""个人活期结算账户"",""holder_name"":""朱明远"",""holder_id_type"":""居民身份证"",""holder_id_number"":""610120005071392"",""account_open_date"":""2023-09-01"",""account_close_date"":"""",""account_number"":""622202100000088282"",""bank_card_type"":""借记卡"",""bank_card_number"":""622202100000088282"",""institution"":""中国邮政储蓄银行重庆市锦江支行"",""bank_info"":""中国邮政储蓄银行重庆市锦江支行""},{""entity_id"":""ACCT-HIST-005193-02"",""account_type"":""个人活期结算账户"",""holder_name"":""许思涵"",""holder_id_type"":""居民身份证"",""holder_id_number"":""610120015088483"",""account_open_date"":""2023-09-10"",""account_close_date"":"""",""account_number"":""622202100000088283"",""bank_card_type"":""借记卡"",""bank_card_number"":""622202100000088283"",""institution"":""中国邮政储蓄银行重庆市西湖支行"",""bank_info"":""中国邮政储蓄银行重庆市西湖支行""},{""entity_id"":""ACCT-HIST-005193-03"",""account_type"":""对公基本存款账户"",""holder_name"":""孙建国"",""holder_id_type"":""居民身份证"",""holder_id_number"":""610120025105574"",""account_open_date"":""2023-09-19"",""account_close_date"":"""",""account_number"":""622202100000088284"",""bank_card_type"":""单位结算卡"",""bank_card_number"":""622202100000088284"",""institution"":""中国邮政储蓄银行重庆市高新支行"",""bank_info"":""中国邮政储蓄银行重庆市高新支行""},{""entity_id"":""ACCT-HIST-005193-04"",""account_type"":""个人活期结算账户"",""holder_name"":""沈若兰"",""holder_id_type"":""居民身份证"",""holder_id_number"":""610119995054301"",""account_open_date"":""2023-09-28"",""account_close_date"":"""",""account_number"":""622202100000088285"",""bank_card_type"":""借记卡"",""bank_card_number"":""622202100000088285"",""institution"":""中国邮政储蓄银行重庆市曲江支行"",""bank_info"":""中国邮政储蓄银行重庆市曲江支行""},{""entity_id"":""ACCT-HIST-005193-05"",""account_type"":""个人活期结算账户"",""holder_name"":""朱明远"",""holder_id_type"":""居民身份证"",""holder_id_number"":""610120005071392"",""account_open_date"":""2023-10-07"",""account_close_date"":"""",""account_number"":""622202100000088286"",""bank_card_type"":""借记卡"",""bank_card_number"":""622202100000088286"",""institution"":""中国邮政储蓄银行重庆市渝中支行"",""bank_info"":""中国邮政储蓄银行重庆市渝中支行""},{""entity_id"":""ACCT-HIST-005193-06"",""account_type"":""对公基本存款账户"",""holder_name"":""许思涵"",""holder_id_type"":""居民身份证"",""holder_id_number"":""610120015088483"",""account_open_date"":""2023-10-16"",""account_close_date"":"""",""account_number"":""622202100000088287"",""bank_card_type"":""单位结算卡"",""bank_card_number"":""622202100000088287"",""institution"":""中国邮政储蓄银行重庆市武昌支行"",""bank_info"":""中国邮政储蓄银行重庆市武昌支行""},{""entity_id"":""ACCT-HIST-005193-07"",""account_type"":""个人活期结算账户"",""holder_name"":""孙建国"",""holder_id_type"":""居民身份证"",""holder_id_number"":""610120025105574"",""account_open_date"":""2023-10-25"",""account_close_date"":"""",""account_number"":""622202100000088288"",""bank_card_type"":""借记卡"",""bank_card_number"":""622202100000088288"",""institution"":""中国邮政储蓄银行重庆市锦江支行"",""bank_info"":""中国邮政储蓄银行重庆市锦江支行""},{""entity_id"":""ACCT-HIST-005193-08"",""account_type"":""个人活期结算账户"",""holder_name"":""沈若兰"",""holder_id_type"":""居民身份证"",""holder_id_number"":""610119995054301"",""account_open_date"":""2023-11-03"",""account_close_date"":"""",""account_number"":""622202100000088289"",""bank_card_type"":""借记卡"",""bank_card_number"":""622202100000088289"",""institution"":""中国邮政储蓄银行重庆市西湖支行"",""bank_info"":""中国邮政储蓄银行重庆市西湖支行""},{""entity_id"":""ACCT-HIST-005193-09"",""account_type"":""对公基本存款账户"",""holder_name"":""朱明远"",""holder_id_type"":""居民身份证"",""holder_id_number"":""610120005071392"",""account_open_date"":""2023-11-12"",""account_close_date"":"""",""account_number"":""622202100000088290"",""bank_card_type"":""单位结算卡"",""bank_card_number"":""622202100000088290"",""institution"":""中国邮政储蓄银行重庆市高新支行"",""bank_info"":""中国邮政储蓄银行重庆市高新支行""},{""entity_id"":""ACCT-HIST-005193-10"",""account_type"":""个人活期结算账户"",""holder_name"":""许思涵"",""holder_id_type"":""居民身份证"",""holder_id_number"":""610120015088483"",""account_open_date"":""2023-11-21"",""account_close_date"":"""",""account_number"":""622202100000088291"",""bank_card_type"":""借记卡"",""bank_card_number"":""622202100000088291"",""institution"":""中国邮政储蓄银行重庆市曲江支行"",""bank_info"":""中国邮政储蓄银行重庆市曲江支行""}]","[]"
"{""case_id"":""AML-HIST-005194"",""case_name"":""商贸批发领域分散转入后集中转出风险案例005194"",""case_description"":""本案涉及韩建国、秦雅婷、赵泽宇、李欣怡、郑志强等5名客户，2023-11-17至2023-12-30期间，14个关联账户累计发生30笔重点交易、金额12029540.00元，呈现分散转入后集中转出、虚假贸易或服务结算、异常公转私、贷款资金挪用或回流、虚开发票结算后资金回流等5组相互独立的可疑模式；相关资金形成可逐笔复核的多段行为链，现已提高客户风险等级并开展增强尽职调查。"",""business_domain"":""反洗钱与资金链风险识别"",""case_type"":""多模式异常资金链历史案例"",""submission_direction"":""01"",""case_trigger"":""01"",""urgency"":""02"",""report_date"":""2024-01-11"",""case_status"":""03"",""risk_level"":""02"",""suspected_crime_type"":""1002"",""suspicious_transaction_codes"":""ET015、ET028、ET018、ET032、ET097"",""suspicious_pattern_details"":[{""event_id"":""0000001"",""event_type_id"":""ET015"",""event_type"":""分散转入后集中转出"",""event_name"":""韩建国控制的账户实施分散转入后集中转出相关行为"",""subject_entity_id"":""CUST-HIST-005194-A"",""subject_name"":""韩建国"",""account_ids"":[""ACCT-HIST-005194-00"",""ACCT-HIST-005194-01"",""ACCT-HIST-005194-02""],""account_numbers"":[""622202100000088298"",""622202100000088299"",""622202100000088300""],""event_start_date"":""2023-11-17"",""event_end_date"":""2023-11-24"",""total_amount_cny"":2371286,""transaction_ids"":[""TX-AML-HIST-005194-01-001"",""TX-AML-HIST-005194-01-002"",""TX-AML-HIST-005194-01-003"",""TX-AML-HIST-005194-01-004"",""TX-AML-HIST-005194-01-005"",""TX-AML-HIST-005194-01-006"",""TX-AML-HIST-005194-01-007"",""TX-AML-HIST-005194-01-008""],""behavior_chain"":""分散账户向中转账户转入，随后汇集至核心收款账户。具体顺序为：622202100000088298于2023-11-17向622202100000088299转账456016.54元，随后622202100000088299于2023-11-18向622202100000088300转账410414.88元，随后622202100000088300于2023-11-19向622202100000088298转账364813.23元，随后622202100000088298于2023-11-20向622202100000088300转账319211.58元，随后622202100000088299于2023-11-21向622202100000088298转账273609.92元，随后622202100000088300于2023-11-22向622202100000088299转账228008.27元，随后622202100000088298于2023-11-23向622202100000088300转账182406.62元，随后622202100000088299于2023-11-24向622202100000088298转账136804.96元。"",""fact"":""多个关联账户分散转入后，资金被集中转入少数核心账户"",""risk_indicator"":""转入账户数量、集中度和资金汇集时长；累计金额2371286.00元，交易8笔，资金最长停留12小时，共同设备关联4个账户"",""source_fact_summary"":""交易流水TX-AML-HIST-005194-01-001、TX-AML-HIST-005194-01-002、TX-AML-HIST-005194-01-003、TX-AML-HIST-005194-01-004、TX-AML-HIST-005194-01-005、TX-AML-HIST-005194-01-006、TX-AML-HIST-005194-01-007、TX-AML-HIST-005194-01-008可与账户开户资料、登录设备日志、付款用途及业务凭证逐项对应；其中TX-AML-HIST-005194-01-001至TX-AML-HIST-005194-01-008共同构成该模式的完整资金链。""},{""event_id"":""0000002"",""event_type_id"":""ET028"",""event_type"":""虚假贸易或服务结算"",""event_name"":""秦雅婷控制的账户实施虚假贸易或服务结算相关行为"",""subject_entity_id"":""CUST-HIST-005194-B"",""subject_name"":""秦雅婷"",""account_ids"":[""ACCT-HIST-005194-03"",""ACCT-HIST-005194-04""],""account_numbers"":[""622202100000088301"",""622202100000088302""],""event_start_date"":""2023-11-27"",""event_end_date"":""2023-12-03"",""total_amount_cny"":2388597,""transaction_ids"":[""TX-AML-HIST-005194-02-001"",""TX-AML-HIST-005194-02-002"",""TX-AML-HIST-005194-02-003"",""TX-AML-HIST-005194-02-004"",""TX-AML-HIST-005194-02-005"",""TX-AML-HIST-005194-02-006"",""TX-AML-HIST-005194-02-007""],""behavior_chain"":""贸易款进入结算账户后以不一致用途转往关联服务商。具体顺序为：622202100000088301于2023-11-27向622202100000088302转账511842.21元，随后622202100000088302于2023-11-28向622202100000088301转账454970.86元，随后622202100000088301于2023-11-29向622202100000088301转账398099.50元，随后622202100000088302于2023-11-30向622202100000088302转账341228.14元，随后622202100000088301于2023-12-01向622202100000088301转账284356.79元，随后622202100000088302于2023-12-02向622202100000088302转账227485.43元，随后622202100000088301于2023-12-03向622202100000088301转账170614.07元。"",""fact"":""合同、发票或物流信息与逐笔付款用途和交易对手不能相互印证"",""risk_indicator"":""单证差异、付款批次和实际资金去向；累计金额2388597.00元，交易7笔，资金最长停留13小时，共同设备关联5个账户"",""source_fact_summary"":""交易流水TX-AML-HIST-005194-02-001、TX-AML-HIST-005194-02-002、TX-AML-HIST-005194-02-003、TX-AML-HIST-005194-02-004、TX-AML-HIST-005194-02-005、TX-AML-HIST-005194-02-006、TX-AML-HIST-005194-02-007可与账户开户资料、登录设备日志、付款用途及业务凭证逐项对应；其中TX-AML-HIST-005194-02-001至TX-AML-HIST-005194-02-007共同构成该模式的完整资金链。""},{""event_id"":""0000003"",""event_type_id"":""ET018"",""event_type"":""异常公转私"",""event_name"":""赵泽宇控制的账户实施异常公转私相关行为"",""subject_entity_id"":""CUST-HIST-005194-C"",""subject_name"":""赵泽宇"",""account_ids"":[""ACCT-HIST-005194-05"",""ACCT-HIST-005194-06"",""ACCT-HIST-005194-07"",""ACCT-HIST-005194-08""],""account_numbers"":[""622202100000088303"",""622202100000088304"",""622202100000088305"",""622202100000088306""],""event_start_date"":""2023-12-07"",""event_end_date"":""2023-12-12"",""total_amount_cny"":2405908,""transaction_ids"":[""TX-AML-HIST-005194-03-001"",""TX-AML-HIST-005194-03-002"",""TX-AML-HIST-005194-03-003"",""TX-AML-HIST-005194-03-004"",""TX-AML-HIST-005194-03-005"",""TX-AML-HIST-005194-03-006""],""behavior_chain"":""对公账户收到项目款后经中转账户持续向个人账户划款。具体顺序为：622202100000088303于2023-12-07向622202100000088304转账583250.42元，随后622202100000088304于2023-12-08向622202100000088305转账510344.12元，随后622202100000088305于2023-12-09向622202100000088306转账437437.82元，随后622202100000088306于2023-12-10向622202100000088303转账364531.52元，随后622202100000088303于2023-12-11向622202100000088305转账291625.21元，随后622202100000088304于2023-12-12向622202100000088306转账218718.91元。"",""fact"":""企业经营收入频繁转入实际控制人及关联个人账户且用途凭证不足"",""risk_indicator"":""公转私金额、交易频率和用途凭证完整度；累计金额2405908.00元，交易6笔，资金最长停留14小时，共同设备关联2个账户"",""source_fact_summary"":""交易流水TX-AML-HIST-005194-03-001、TX-AML-HIST-005194-03-002、TX-AML-HIST-005194-03-003、TX-AML-HIST-005194-03-004、TX-AML-HIST-005194-03-005、TX-AML-HIST-005194-03-006可与账户开户资料、登录设备日志、付款用途及业务凭证逐项对应；其中TX-AML-HIST-005194-03-001至TX-AML-HIST-005194-03-006共同构成该模式的完整资金链。""},{""event_id"":""0000004"",""event_type_id"":""ET032"",""event_type"":""贷款资金挪用或回流"",""event_name"":""李欣怡控制的账户实施贷款资金挪用或回流相关行为"",""subject_entity_id"":""CUST-HIST-005194-D"",""subject_name"":""李欣怡"",""account_ids"":[""ACCT-HIST-005194-09"",""ACCT-HIST-005194-10"",""ACCT-HIST-005194-11""],""account_numbers"":[""622202100000088307"",""622202100000088308"",""622202100000088309""],""event_start_date"":""2023-12-17"",""event_end_date"":""2023-12-21"",""total_amount_cny"":2423219,""transaction_ids"":[""TX-AML-HIST-005194-04-001"",""TX-AML-HIST-005194-04-002"",""TX-AML-HIST-005194-04-003"",""TX-AML-HIST-005194-04-004"",""TX-AML-HIST-005194-04-005""],""behavior_chain"":""贷款进入借款账户后经供应商账户转至关联方并回到控制人账户。具体顺序为：622202100000088307于2023-12-17向622202100000088308转账678501.32元，随后622202100000088308于2023-12-18向622202100000088309转账581572.56元，随后622202100000088309于2023-12-19向622202100000088307转账484643.80元，随后622202100000088307于2023-12-20向622202100000088309转账387715.04元，随后622202100000088308于2023-12-21向622202100000088307转账290786.28元。"",""fact"":""贷款资金到账后未用于约定经营用途，而是转往关联账户并部分回流"",""risk_indicator"":""贷款用途、关联转账金额和回流比例；累计金额2423219.00元，交易5笔，资金最长停留15小时，共同设备关联3个账户"",""source_fact_summary"":""交易流水TX-AML-HIST-005194-04-001、TX-AML-HIST-005194-04-002、TX-AML-HIST-005194-04-003、TX-AML-HIST-005194-04-004、TX-AML-HIST-005194-04-005可与账户开户资料、登录设备日志、付款用途及业务凭证逐项对应；其中TX-AML-HIST-005194-04-001至TX-AML-HIST-005194-04-005共同构成该模式的完整资金链。""},{""event_id"":""0000005"",""event_type_id"":""ET097"",""event_type"":""虚开发票结算后资金回流"",""event_name"":""郑志强控制的账户实施虚开发票结算后资金回流相关行为"",""subject_entity_id"":""CUST-HIST-005194-E"",""subject_name"":""郑志强"",""account_ids"":[""ACCT-HIST-005194-12"",""ACCT-HIST-005194-13""],""account_numbers"":[""622202100000088310"",""622202100000088311""],""event_start_date"":""2023-12-27"",""event_end_date"":""2023-12-30"",""total_amount_cny"":2440530,""transaction_ids"":[""TX-AML-HIST-005194-05-001"",""TX-AML-HIST-005194-05-002"",""TX-AML-HIST-005194-05-003"",""TX-AML-HIST-005194-05-004""],""behavior_chain"":""付款账户完成发票结算后，资金经中转账户回流至关联个人。具体顺序为：622202100000088310于2023-12-27向622202100000088311转账813510.00元，随后622202100000088311于2023-12-28向622202100000088310转账677925.00元，随后622202100000088310于2023-12-29向622202100000088310转账542340.00元，随后622202100000088311于2023-12-30向622202100000088311转账406755.00元。"",""fact"":""发票结算资金经多个账户拆分后回到开票方关联人员账户"",""risk_indicator"":""发票金额、拆分笔数和最终受益人；累计金额2440530.00元，交易4笔，资金最长停留16小时，共同设备关联4个账户"",""source_fact_summary"":""交易流水TX-AML-HIST-005194-05-001、TX-AML-HIST-005194-05-002、TX-AML-HIST-005194-05-003、TX-AML-HIST-005194-05-004可与账户开户资料、登录设备日志、付款用途及业务凭证逐项对应；其中TX-AML-HIST-005194-05-001至TX-AML-HIST-005194-05-004共同构成该模式的完整资金链。""}],""disposition_measures"":""提高客户风险等级、发起增强尽职调查、设置交易复核"",""province"":""成都市"",""stat_window_start"":""2023-11-17"",""stat_window_end"":""2023-12-30"",""shared_device_id"":""DEV-AML-HIST-005194-SHARED"",""structured_transaction_summary"":{""stat_window_days"":44,""customer_count"":5,""account_count"":14,""tx_cnt_30d"":30,""in_tx_cnt_30d"":15,""out_tx_cnt_30d"":15,""tx_cirmb_amt_sum_30d"":12029540,""in_cirmb_amt_sum_30d"":6135065.4,""out_cirmb_amt_sum_30d"":5894474.6,""night_tx_cnt_30d"":3,""night_tx_ratio"":0.1,""counterparty_cnt_30d"":22,""currency_cnt_30d"":1}}","[{""entity_id"":""CUST-HIST-005194-A"",""customer_name"":""韩建国"",""customer_number"":""C1000051940"",""id_type"":""居民身份证"",""id_number"":""610120005055271"",""occupation_industry"":""商贸批发"",""nationality"":""中国"",""address"":""成都市高新区建设路34号"",""customer_risk_level"":""高风险"",""legal_representative_name"":""韩建国"",""legal_representative_id_type"":""居民身份证"",""legal_representative_id_number"":""610120005055271"",""controller_name"":""韩建国"",""controller_id_type"":""居民身份证"",""controller_id_number"":""610119815157817""},{""entity_id"":""CUST-HIST-005194-B"",""customer_name"":""秦雅婷"",""customer_number"":""C1000051941"",""id_type"":""居民身份证"",""id_number"":""610120015072362"",""occupation_industry"":""企业财务与资金管理"",""nationality"":""中国"",""address"":""成都市经开区建设路34号"",""customer_risk_level"":""较高风险"",""legal_representative_name"":"""",""legal_representative_id_type"":"""",""legal_representative_id_number"":"""",""controller_name"":""许博文"",""controller_id_type"":""居民身份证"",""controller_id_number"":""610119825174908""},{""entity_id"":""CUST-HIST-005194-C"",""customer_name"":""赵泽宇"",""customer_number"":""C1000051942"",""id_type"":""居民身份证"",""id_number"":""610120025089453"",""occupation_industry"":""企业财务与资金管理"",""nationality"":""中国"",""address"":""成都市中心城区建设路34号"",""customer_risk_level"":""较高风险"",""legal_representative_name"":"""",""legal_representative_id_type"":"""",""legal_representative_id_number"":"""",""controller_name"":""许博文"",""controller_id_type"":""居民身份证"",""controller_id_number"":""610119835191999""},{""entity_id"":""CUST-HIST-005194-D"",""customer_name"":""李欣怡"",""customer_number"":""C1000051943"",""id_type"":""居民身份证"",""id_number"":""610120035106544"",""occupation_industry"":""企业财务与资金管理"",""nationality"":""中国"",""address"":""成都市undefined建设路34号"",""customer_risk_level"":""较高风险"",""legal_representative_name"":"""",""legal_representative_id_type"":"""",""legal_representative_id_number"":"""",""controller_name"":""许博文"",""controller_id_type"":""居民身份证"",""controller_id_number"":""6101198452090810""},{""entity_id"":""CUST-HIST-005194-E"",""customer_name"":""郑志强"",""customer_number"":""C1000051944"",""id_type"":""居民身份证"",""id_number"":""610120045123635"",""occupation_industry"":""企业财务与资金管理"",""nationality"":""中国"",""address"":""成都市undefined建设路34号"",""customer_risk_level"":""较高风险"",""legal_representative_name"":"""",""legal_representative_id_type"":"""",""legal_representative_id_number"":"""",""controller_name"":""许博文"",""controller_id_type"":""居民身份证"",""controller_id_number"":""6101198552261711""}]","{""analysis_text1"":""【一】发现情况\n本案例由日常交易监测和客户风险复核触发。观察窗口为2023-11-17至2023-12-30，涉及5名客户、14个账户及30笔重点交易，收付累计金额12029540.00元。现有事实呈现分散转入后集中转出、虚假贸易或服务结算、异常公转私、贷款资金挪用或回流、虚开发票结算后资金回流等5组相互独立的可疑行为特征。上述内容属于待核验风险事实，不构成对违法犯罪的认定。\n\n【二】客户基本情况\n1. 韩建国（CUST-HIST-005194-A），客户号C1000051940，证件类型及号码为居民身份证610120005055271，职业或经营行业为商贸批发，常住或经营地址为成都市高新区建设路34号，当前客户风险等级为高风险，登记实际控制人为韩建国。\n2. 秦雅婷（CUST-HIST-005194-B），客户号C1000051941，证件类型及号码为居民身份证610120015072362，职业或经营行业为企业财务与资金管理，常住或经营地址为成都市经开区建设路34号，当前客户风险等级为较高风险，登记实际控制人为许博文。\n3. 赵泽宇（CUST-HIST-005194-C），客户号C1000051942，证件类型及号码为居民身份证610120025089453，职业或经营行业为企业财务与资金管理，常住或经营地址为成都市中心城区建设路34号，当前客户风险等级为较高风险，登记实际控制人为许博文。\n4. 李欣怡（CUST-HIST-005194-D），客户号C1000051943，证件类型及号码为居民身份证610120035106544，职业或经营行业为企业财务与资金管理，常住或经营地址为成都市undefined建设路34号，当前客户风险等级为较高风险，登记实际控制人为许博文。\n5. 郑志强（CUST-HIST-005194-E），客户号C1000051944，证件类型及号码为居民身份证610120045123635，职业或经营行业为企业财务与资金管理，常住或经营地址为成都市undefined建设路34号，当前客户风险等级为较高风险，登记实际控制人为许博文。\n客户与账户通过稳定实体标识对应，未将同名主体自行合并。现有客户资料能够支持身份、行业、地区和风险等级核验，收入规模、历史经营基线及受益所有权证明仍需进一步补充。\n\n【三】开户与整体交易\n本案账户情况如下：\n1. 韩建国名下账户ACCT-HIST-005194-00，账号622202100000088298，账户类型为对公基本存款账户，于2022年9月23日在中国邮政储蓄银行成都市锦江支行开立，账户载体为单位结算卡。\n2. 秦雅婷名下账户ACCT-HIST-005194-01，账号622202100000088299，账户类型为个人活期结算账户，于2022年10月2日在中国邮政储蓄银行成都市西湖支行开立，账户载体为借记卡。\n3. 赵泽宇名下账户ACCT-HIST-005194-02，账号622202100000088300，账户类型为个人活期结算账户，于2022年10月11日在中国邮政储蓄银行成都市高新支行开立，账户载体为借记卡。\n4. 李欣怡名下账户ACCT-HIST-005194-03，账号622202100000088301，账户类型为对公基本存款账户，于2022年10月20日在中国邮政储蓄银行成都市曲江支行开立，账户载体为单位结算卡。\n5. 郑志强名下账户ACCT-HIST-005194-04，账号622202100000088302，账户类型为个人活期结算账户，于2022年10月29日在中国邮政储蓄银行成都市渝中支行开立，账户载体为借记卡。\n6. 韩建国名下账户ACCT-HIST-005194-05，账号622202100000088303，账户类型为个人活期结算账户，于2022年11月7日在中国邮政储蓄银行成都市武昌支行开立，账户载体为借记卡。\n7. 秦雅婷名下账户ACCT-HIST-005194-06，账号622202100000088304，账户类型为对公基本存款账户，于2022年11月16日在中国邮政储蓄银行成都市锦江支行开立，账户载体为单位结算卡。\n8. 赵泽宇名下账户ACCT-HIST-005194-07，账号622202100000088305，账户类型为个人活期结算账户，于2022年11月25日在中国邮政储蓄银行成都市西湖支行开立，账户载体为借记卡。\n9. 李欣怡名下账户ACCT-HIST-005194-08，账号622202100000088306，账户类型为个人活期结算账户，于2022年12月4日在中国邮政储蓄银行成都市高新支行开立，账户载体为借记卡。\n10. 郑志强名下账户ACCT-HIST-005194-09，账号622202100000088307，账户类型为对公基本存款账户，于2022年12月13日在中国邮政储蓄银行成都市曲江支行开立，账户载体为单位结算卡。\n11. 韩建国名下账户ACCT-HIST-005194-10，账号622202100000088308，账户类型为个人活期结算账户，于2022年12月22日在中国邮政储蓄银行成都市渝中支行开立，账户载体为借记卡。\n12. 秦雅婷名下账户ACCT-HIST-005194-11，账号622202100000088309，账户类型为个人活期结算账户，于2022年12月31日在中国邮政储蓄银行成都市武昌支行开立，账户载体为借记卡。\n13. 赵泽宇名下账户ACCT-HIST-005194-12，账号622202100000088310，账户类型为对公基本存款账户，于2023年1月9日在中国邮政储蓄银行成都市锦江支行开立，账户载体为单位结算卡。\n14. 李欣怡名下账户ACCT-HIST-005194-13，账号622202100000088311，账户类型为个人活期结算账户，于2023年1月18日在中国邮政储蓄银行成都市西湖支行开立，账户载体为借记卡。\n观察期内逐笔重点交易如下：\n1. 2023-11-17 08:11:07，流水TX-AML-HIST-005194-01-001，付款账号622202100000088298通过柜面转账向收款账号622202100000088299转账456016.54元，用途记载为项目款结算，交易对手名称为安泰工程有限公司，操作设备DEV-AML-HIST-005194-1，网络地址172.174.10.21。\n2. 2023-11-18 10:12:08，流水TX-AML-HIST-005194-01-002，付款账号622202100000088299通过网上银行向收款账号622202100000088300转账410414.88元，用途记载为供应链采购款，交易对手名称为瑞丰科技有限公司，操作设备DEV-AML-HIST-005194-1，网络地址172.174.10.22。\n3. 2023-11-19 23:13:09，流水TX-AML-HIST-005194-01-003，付款账号622202100000088300通过柜面转账向收款账号622202100000088298转账364813.23元，用途记载为咨询服务费，交易对手名称为华辰供应链有限公司，操作设备DEV-AML-HIST-005194-1，网络地址172.174.10.23。\n4. 2023-11-20 14:14:10，流水TX-AML-HIST-005194-01-004，付款账号622202100000088298通过手机银行向收款账号622202100000088300转账319211.58元，用途记载为劳务服务费，交易对手名称为盛达咨询服务有限公司，操作设备DEV-AML-HIST-005194-1，网络地址172.174.10.24。\n5. 2023-11-21 16:15:11，流水TX-AML-HIST-005194-01-005，付款账号622202100000088299通过柜面转账向收款账号622202100000088298转账273609.92元，用途记载为往来款，交易对手名称为恒信商贸有限公司，操作设备DEV-AML-HIST-005194-1，网络地址172.174.10.25。\n6. 2023-11-22 18:16:12，流水TX-AML-HIST-005194-01-006，付款账号622202100000088300通过网上银行向收款账号622202100000088299转账228008.27元，用途记载为undefined，交易对手名称为嘉禾物流有限公司，操作设备DEV-AML-HIST-005194-1，网络地址172.174.10.26。\n7. 2023-11-23 08:17:13，流水TX-AML-HIST-005194-01-007，付款账号622202100000088298通过柜面转账向收款账号622202100000088300转账182406.62元，用途记载为undefined，交易对手名称为安泰工程有限公司，操作设备DEV-AML-HIST-005194-1，网络地址172.174.10.27。\n8. 2023-11-24 10:18:14，流水TX-AML-HIST-005194-01-008，付款账号622202100000088299通过网上银行向收款账号622202100000088298转账136804.96元，用途记载为undefined，交易对手名称为瑞丰科技有限公司，操作设备DEV-AML-HIST-005194-1，网络地址172.174.10.28。\n9. 2023-11-27 09:11:07，流水TX-AML-HIST-005194-02-001，付款账号622202100000088301通过柜面转账向收款账号622202100000088302转账511842.21元，用途记载为项目款结算，交易对手名称为瑞丰科技有限公司，操作设备DEV-AML-HIST-005194-2，网络地址172.174.11.21。\n10. 2023-11-28 23:12:08，流水TX-AML-HIST-005194-02-002，付款账号622202100000088302通过网上银行向收款账号622202100000088301转账454970.86元，用途记载为供应链采购款，交易对手名称为华辰供应链有限公司，操作设备DEV-AML-HIST-005194-2，网络地址172.174.11.22。\n11. 2023-11-29 13:13:09，流水TX-AML-HIST-005194-02-003，付款账号622202100000088301通过柜面转账向收款账号622202100000088301转账398099.50元，用途记载为咨询服务费，交易对手名称为盛达咨询服务有限公司，操作设备DEV-AML-HIST-005194-2，网络地址172.174.11.23。\n12. 2023-11-30 15:14:10，流水TX-AML-HIST-005194-02-004，付款账号622202100000088302通过手机银行向收款账号622202100000088302转账341228.14元，用途记载为劳务服务费，交易对手名称为恒信商贸有限公司，操作设备DEV-AML-HIST-005194-2，网络地址172.174.11.24。\n13. 2023-12-01 17:15:11，流水TX-AML-HIST-005194-02-005，付款账号622202100000088301通过柜面转账向收款账号622202100000088301转账284356.79元，用途记载为往来款，交易对手名称为嘉禾物流有限公司，操作设备DEV-AML-HIST-005194-2，网络地址172.174.11.25。\n14. 2023-12-02 19:16:12，流水TX-AML-HIST-005194-02-006，付款账号622202100000088302通过网上银行向收款账号622202100000088302转账227485.43元，用途记载为undefined，交易对手名称为安泰工程有限公司，操作设备DEV-AML-HIST-005194-2，网络地址172.174.11.26。\n15. 2023-12-03 09:17:13，流水TX-AML-HIST-005194-02-007，付款账号622202100000088301通过柜面转账向收款账号622202100000088301转账170614.07元，用途记载为undefined，交易对手名称为瑞丰科技有限公司，操作设备DEV-AML-HIST-005194-2，网络地址172.174.11.27。\n16. 2023-12-07 23:11:07，流水TX-AML-HIST-005194-03-001，付款账号622202100000088303通过柜面转账向收款账号622202100000088304转账583250.42元，用途记载为项目款结算，交易对手名称为华辰供应链有限公司，操作设备DEV-AML-HIST-005194-3，网络地址172.174.12.21。\n17. 2023-12-08 12:12:08，流水TX-AML-HIST-005194-03-002，付款账号622202100000088304通过网上银行向收款账号622202100000088305转账510344.12元，用途记载为供应链采购款，交易对手名称为盛达咨询服务有限公司，操作设备DEV-AML-HIST-005194-3，网络地址172.174.12.22。\n18. 2023-12-09 14:13:09，流水TX-AML-HIST-005194-03-003，付款账号622202100000088305通过柜面转账向收款账号622202100000088306转账437437.82元，用途记载为咨询服务费，交易对手名称为恒信商贸有限公司，操作设备DEV-AML-HIST-005194-3，网络地址172.174.12.23。\n19. 2023-12-10 16:14:10，流水TX-AML-HIST-005194-03-004，付款账号622202100000088306通过手机银行向收款账号622202100000088303转账364531.52元，用途记载为劳务服务费，交易对手名称为嘉禾物流有限公司，操作设备DEV-AML-HIST-005194-3，网络地址172.174.12.24。\n20. 2023-12-11 18:15:11，流水TX-AML-HIST-005194-03-005，付款账号622202100000088303通过柜面转账向收款账号622202100000088305转账291625.21元，用途记载为往来款，交易对手名称为安泰工程有限公司，操作设备DEV-AML-HIST-005194-3，网络地址172.174.12.25。\n21. 2023-12-12 08:16:12，流水TX-AML-HIST-005194-03-006，付款账号622202100000088304通过网上银行向收款账号622202100000088306转账218718.91元，用途记载为undefined，交易对手名称为瑞丰科技有限公司，操作设备DEV-AML-HIST-005194-3，网络地址172.174.12.26。\n22. 2023-12-17 11:11:07，流水TX-AML-HIST-005194-04-001，付款账号622202100000088307通过柜面转账向收款账号622202100000088308转账678501.32元，用途记载为项目款结算，交易对手名称为盛达咨询服务有限公司，操作设备DEV-AML-HIST-005194-4，网络地址172.174.13.21。\n23. 2023-12-18 13:12:08，流水TX-AML-HIST-005194-04-002，付款账号622202100000088308通过网上银行向收款账号622202100000088309转账581572.56元，用途记载为供应链采购款，交易对手名称为恒信商贸有限公司，操作设备DEV-AML-HIST-005194-4，网络地址172.174.13.22。\n24. 2023-12-19 15:13:09，流水TX-AML-HIST-005194-04-003，付款账号622202100000088309通过柜面转账向收款账号622202100000088307转账484643.80元，用途记载为咨询服务费，交易对手名称为嘉禾物流有限公司，操作设备DEV-AML-HIST-005194-4，网络地址172.174.13.23。\n25. 2023-12-20 17:14:10，流水TX-AML-HIST-005194-04-004，付款账号622202100000088307通过手机银行向收款账号622202100000088309转账387715.04元，用途记载为劳务服务费，交易对手名称为安泰工程有限公司，操作设备DEV-AML-HIST-005194-4，网络地址172.174.13.24。\n26. 2023-12-21 19:15:11，流水TX-AML-HIST-005194-04-005，付款账号622202100000088308通过柜面转账向收款账号622202100000088307转账290786.28元，用途记载为往来款，交易对手名称为瑞丰科技有限公司，操作设备DEV-AML-HIST-005194-4，网络地址172.174.13.25。\n27. 2023-12-27 12:11:07，流水TX-AML-HIST-005194-05-001，付款账号622202100000088310通过柜面转账向收款账号622202100000088311转账813510.00元，用途记载为项目款结算，交易对手名称为恒信商贸有限公司，操作设备DEV-AML-HIST-005194-5，网络地址172.174.14.21。\n28. 2023-12-28 14:12:08，流水TX-AML-HIST-005194-05-002，付款账号622202100000088311通过网上银行向收款账号622202100000088310转账677925.00元，用途记载为供应链采购款，交易对手名称为嘉禾物流有限公司，操作设备DEV-AML-HIST-005194-5，网络地址172.174.14.22。\n29. 2023-12-29 16:13:09，流水TX-AML-HIST-005194-05-003，付款账号622202100000088310通过柜面转账向收款账号622202100000088310转账542340.00元，用途记载为咨询服务费，交易对手名称为安泰工程有限公司，操作设备DEV-AML-HIST-005194-5，网络地址172.174.14.23。\n30. 2023-12-30 18:14:10，流水TX-AML-HIST-005194-05-004，付款账号622202100000088311通过手机银行向收款账号622202100000088311转账406755.00元，用途记载为劳务服务费，交易对手名称为瑞丰科技有限公司，操作设备DEV-AML-HIST-005194-5，网络地址172.174.14.24。\n全案观察期口径共发生30笔重点收付，其中收款15笔、付款15笔，累计金额12029540.00元；夜间交易3笔。上述流水均保留交易日期、时间、付款账户、收款账户、金额、渠道、用途、交易对手、设备和网络地址，可按流水号逐项复核。\n\n【四】资金来源与去向\n1. 韩建国控制的账户实施分散转入后集中转出相关行为。该组事实对应分散转入后集中转出，独立观察期间为2023-11-17至2023-11-24，独立涉及账户为622202100000088298（ACCT-HIST-005194-00）、622202100000088299（ACCT-HIST-005194-01）、622202100000088300（ACCT-HIST-005194-02），独立统计交易8笔、金额2371286.00元。行为链表现为：分散账户向中转账户转入，随后汇集至核心收款账户。具体顺序为：622202100000088298于2023-11-17向622202100000088299转账456016.54元，随后622202100000088299于2023-11-18向622202100000088300转账410414.88元，随后622202100000088300于2023-11-19向622202100000088298转账364813.23元，随后622202100000088298于2023-11-20向622202100000088300转账319211.58元，随后622202100000088299于2023-11-21向622202100000088298转账273609.92元，随后622202100000088300于2023-11-22向622202100000088299转账228008.27元，随后622202100000088298于2023-11-23向622202100000088300转账182406.62元，随后622202100000088299于2023-11-24向622202100000088298转账136804.96元。可复核逐笔流水为：TX-AML-HIST-005194-01-001（2023-11-17，622202100000088298向622202100000088299转账456016.54元）；TX-AML-HIST-005194-01-002（2023-11-18，622202100000088299向622202100000088300转账410414.88元）；TX-AML-HIST-005194-01-003（2023-11-19，622202100000088300向622202100000088298转账364813.23元）；TX-AML-HIST-005194-01-004（2023-11-20，622202100000088298向622202100000088300转账319211.58元）；TX-AML-HIST-005194-01-005（2023-11-21，622202100000088299向622202100000088298转账273609.92元）；TX-AML-HIST-005194-01-006（2023-11-22，622202100000088300向622202100000088299转账228008.27元）；TX-AML-HIST-005194-01-007（2023-11-23，622202100000088298向622202100000088300转账182406.62元）；TX-AML-HIST-005194-01-008（2023-11-24，622202100000088299向622202100000088298转账136804.96元）。多个关联账户分散转入后，资金被集中转入少数核心账户；结构化特征为转入账户数量、集中度和资金汇集时长；累计金额2371286.00元，交易8笔，资金最长停留12小时，共同设备关联4个账户。证据方面，交易流水TX-AML-HIST-005194-01-001、TX-AML-HIST-005194-01-002、TX-AML-HIST-005194-01-003、TX-AML-HIST-005194-01-004、TX-AML-HIST-005194-01-005、TX-AML-HIST-005194-01-006、TX-AML-HIST-005194-01-007、TX-AML-HIST-005194-01-008可与账户开户资料、登录设备日志、付款用途及业务凭证逐项对应；其中TX-AML-HIST-005194-01-001至TX-AML-HIST-005194-01-008共同构成该模式的完整资金链。该模式单独统计、单独核验，不与其他模式合并计算。\n2. 秦雅婷控制的账户实施虚假贸易或服务结算相关行为。该组事实对应虚假贸易或服务结算，独立观察期间为2023-11-27至2023-12-03，独立涉及账户为622202100000088301（ACCT-HIST-005194-03）、622202100000088302（ACCT-HIST-005194-04），独立统计交易7笔、金额2388597.00元。行为链表现为：贸易款进入结算账户后以不一致用途转往关联服务商。具体顺序为：622202100000088301于2023-11-27向622202100000088302转账511842.21元，随后622202100000088302于2023-11-28向622202100000088301转账454970.86元，随后622202100000088301于2023-11-29向622202100000088301转账398099.50元，随后622202100000088302于2023-11-30向622202100000088302转账341228.14元，随后622202100000088301于2023-12-01向622202100000088301转账284356.79元，随后622202100000088302于2023-12-02向622202100000088302转账227485.43元，随后622202100000088301于2023-12-03向622202100000088301转账170614.07元。可复核逐笔流水为：TX-AML-HIST-005194-02-001（2023-11-27，622202100000088301向622202100000088302转账511842.21元）；TX-AML-HIST-005194-02-002（2023-11-28，622202100000088302向622202100000088301转账454970.86元）；TX-AML-HIST-005194-02-003（2023-11-29，622202100000088301向622202100000088301转账398099.50元）；TX-AML-HIST-005194-02-004（2023-11-30，622202100000088302向622202100000088302转账341228.14元）；TX-AML-HIST-005194-02-005（2023-12-01，622202100000088301向622202100000088301转账284356.79元）；TX-AML-HIST-005194-02-006（2023-12-02，622202100000088302向622202100000088302转账227485.43元）；TX-AML-HIST-005194-02-007（2023-12-03，622202100000088301向622202100000088301转账170614.07元）。合同、发票或物流信息与逐笔付款用途和交易对手不能相互印证；结构化特征为单证差异、付款批次和实际资金去向；累计金额2388597.00元，交易7笔，资金最长停留13小时，共同设备关联5个账户。证据方面，交易流水TX-AML-HIST-005194-02-001、TX-AML-HIST-005194-02-002、TX-AML-HIST-005194-02-003、TX-AML-HIST-005194-02-004、TX-AML-HIST-005194-02-005、TX-AML-HIST-005194-02-006、TX-AML-HIST-005194-02-007可与账户开户资料、登录设备日志、付款用途及业务凭证逐项对应；其中TX-AML-HIST-005194-02-001至TX-AML-HIST-005194-02-007共同构成该模式的完整资金链。该模式单独统计、单独核验，不与其他模式合并计算。\n3. 赵泽宇控制的账户实施异常公转私相关行为。该组事实对应异常公转私，独立观察期间为2023-12-07至2023-12-12，独立涉及账户为622202100000088303（ACCT-HIST-005194-05）、622202100000088304（ACCT-HIST-005194-06）、622202100000088305（ACCT-HIST-005194-07）、622202100000088306（ACCT-HIST-005194-08），独立统计交易6笔、金额2405908.00元。行为链表现为：对公账户收到项目款后经中转账户持续向个人账户划款。具体顺序为：622202100000088303于2023-12-07向622202100000088304转账583250.42元，随后622202100000088304于2023-12-08向622202100000088305转账510344.12元，随后622202100000088305于2023-12-09向622202100000088306转账437437.82元，随后622202100000088306于2023-12-10向622202100000088303转账364531.52元，随后622202100000088303于2023-12-11向622202100000088305转账291625.21元，随后622202100000088304于2023-12-12向622202100000088306转账218718.91元。可复核逐笔流水为：TX-AML-HIST-005194-03-001（2023-12-07，622202100000088303向622202100000088304转账583250.42元）；TX-AML-HIST-005194-03-002（2023-12-08，622202100000088304向622202100000088305转账510344.12元）；TX-AML-HIST-005194-03-003（2023-12-09，622202100000088305向622202100000088306转账437437.82元）；TX-AML-HIST-005194-03-004（2023-12-10，622202100000088306向622202100000088303转账364531.52元）；TX-AML-HIST-005194-03-005（2023-12-11，622202100000088303向622202100000088305转账291625.21元）；TX-AML-HIST-005194-03-006（2023-12-12，622202100000088304向622202100000088306转账218718.91元）。企业经营收入频繁转入实际控制人及关联个人账户且用途凭证不足；结构化特征为公转私金额、交易频率和用途凭证完整度；累计金额2405908.00元，交易6笔，资金最长停留14小时，共同设备关联2个账户。证据方面，交易流水TX-AML-HIST-005194-03-001、TX-AML-HIST-005194-03-002、TX-AML-HIST-005194-03-003、TX-AML-HIST-005194-03-004、TX-AML-HIST-005194-03-005、TX-AML-HIST-005194-03-006可与账户开户资料、登录设备日志、付款用途及业务凭证逐项对应；其中TX-AML-HIST-005194-03-001至TX-AML-HIST-005194-03-006共同构成该模式的完整资金链。该模式单独统计、单独核验，不与其他模式合并计算。\n4. 李欣怡控制的账户实施贷款资金挪用或回流相关行为。该组事实对应贷款资金挪用或回流，独立观察期间为2023-12-17至2023-12-21，独立涉及账户为622202100000088307（ACCT-HIST-005194-09）、622202100000088308（ACCT-HIST-005194-10）、622202100000088309（ACCT-HIST-005194-11），独立统计交易5笔、金额2423219.00元。行为链表现为：贷款进入借款账户后经供应商账户转至关联方并回到控制人账户。具体顺序为：622202100000088307于2023-12-17向622202100000088308转账678501.32元，随后622202100000088308于2023-12-18向622202100000088309转账581572.56元，随后622202100000088309于2023-12-19向622202100000088307转账484643.80元，随后622202100000088307于2023-12-20向622202100000088309转账387715.04元，随后622202100000088308于2023-12-21向622202100000088307转账290786.28元。可复核逐笔流水为：TX-AML-HIST-005194-04-001（2023-12-17，622202100000088307向622202100000088308转账678501.32元）；TX-AML-HIST-005194-04-002（2023-12-18，622202100000088308向622202100000088309转账581572.56元）；TX-AML-HIST-005194-04-003（2023-12-19，622202100000088309向622202100000088307转账484643.80元）；TX-AML-HIST-005194-04-004（2023-12-20，622202100000088307向622202100000088309转账387715.04元）；TX-AML-HIST-005194-04-005（2023-12-21，622202100000088308向622202100000088307转账290786.28元）。贷款资金到账后未用于约定经营用途，而是转往关联账户并部分回流；结构化特征为贷款用途、关联转账金额和回流比例；累计金额2423219.00元，交易5笔，资金最长停留15小时，共同设备关联3个账户。证据方面，交易流水TX-AML-HIST-005194-04-001、TX-AML-HIST-005194-04-002、TX-AML-HIST-005194-04-003、TX-AML-HIST-005194-04-004、TX-AML-HIST-005194-04-005可与账户开户资料、登录设备日志、付款用途及业务凭证逐项对应；其中TX-AML-HIST-005194-04-001至TX-AML-HIST-005194-04-005共同构成该模式的完整资金链。该模式单独统计、单独核验，不与其他模式合并计算。\n5. 郑志强控制的账户实施虚开发票结算后资金回流相关行为。该组事实对应虚开发票结算后资金回流，独立观察期间为2023-12-27至2023-12-30，独立涉及账户为622202100000088310（ACCT-HIST-005194-12）、622202100000088311（ACCT-HIST-005194-13），独立统计交易4笔、金额2440530.00元。行为链表现为：付款账户完成发票结算后，资金经中转账户回流至关联个人。具体顺序为：622202100000088310于2023-12-27向622202100000088311转账813510.00元，随后622202100000088311于2023-12-28向622202100000088310转账677925.00元，随后622202100000088310于2023-12-29向622202100000088310转账542340.00元，随后622202100000088311于2023-12-30向622202100000088311转账406755.00元。可复核逐笔流水为：TX-AML-HIST-005194-05-001（2023-12-27，622202100000088310向622202100000088311转账813510.00元）；TX-AML-HIST-005194-05-002（2023-12-28，622202100000088311向622202100000088310转账677925.00元）；TX-AML-HIST-005194-05-003（2023-12-29，622202100000088310向622202100000088310转账542340.00元）；TX-AML-HIST-005194-05-004（2023-12-30，622202100000088311向622202100000088311转账406755.00元）。发票结算资金经多个账户拆分后回到开票方关联人员账户；结构化特征为发票金额、拆分笔数和最终受益人；累计金额2440530.00元，交易4笔，资金最长停留16小时，共同设备关联4个账户。证据方面，交易流水TX-AML-HIST-005194-05-001、TX-AML-HIST-005194-05-002、TX-AML-HIST-005194-05-003、TX-AML-HIST-005194-05-004可与账户开户资料、登录设备日志、付款用途及业务凭证逐项对应；其中TX-AML-HIST-005194-05-001至TX-AML-HIST-005194-05-004共同构成该模式的完整资金链。该模式单独统计、单独核验，不与其他模式合并计算。\n\n【五】客户主体分析\n韩建国（CUST-HIST-005194-A）、秦雅婷（CUST-HIST-005194-B）、赵泽宇（CUST-HIST-005194-C）、李欣怡（CUST-HIST-005194-D）、郑志强（CUST-HIST-005194-E）在同一观察窗口内涉及上述账户资金链，交易规模、夜间操作、共享设备和账户间往来相互印证，提示账户可能被用于资金归集、中转或回流。现有材料同时不能排除集中结算、项目周期性付款、关联企业正常往来等替代解释。机构已提高客户风险等级、发起增强尽职调查并设置交易复核；后续应核对经营规模、合同发票、物流或服务成果、受益所有人、账户实际控制关系和资金最终用途。"",""analysis_text2"":""【一】案例概述\n本案涉及韩建国、秦雅婷、赵泽宇、李欣怡、郑志强等5名客户，2023-11-17至2023-12-30期间，14个关联账户累计发生30笔重点交易、金额12029540.00元，呈现分散转入后集中转出、虚假贸易或服务结算、异常公转私、贷款资金挪用或回流、虚开发票结算后资金回流等5组相互独立的可疑模式；相关资金形成可逐笔复核的多段行为链，现已提高客户风险等级并开展增强尽职调查。本案当前处于风险复核阶段，5组可疑模式均以独立账户集合、独立日期范围、独立金额及逐笔流水为依据，未将不同模式合并统计。\n\n【二】客户主体分析\n主要关注客户为韩建国（CUST-HIST-005194-A，商贸批发，高风险）、秦雅婷（CUST-HIST-005194-B，企业财务与资金管理，较高风险）、赵泽宇（CUST-HIST-005194-C，企业财务与资金管理，较高风险）、李欣怡（CUST-HIST-005194-D，企业财务与资金管理，较高风险）、郑志强（CUST-HIST-005194-E，企业财务与资金管理，较高风险）。客户名下账户开户资料齐备，但现有交易规模和多段资金链需要与其实际经营范围、收入来源、账户声明用途及受益所有权材料进一步比对。基于现有资料只能形成风险关注方向，不能据此认定客户实施违法犯罪行为。\n\n【三】客户交易分析\n1. 资金交易方向\n1. 韩建国控制的账户实施分散转入后集中转出相关行为。该组事实对应分散转入后集中转出，独立观察期间为2023-11-17至2023-11-24，独立涉及账户为622202100000088298（ACCT-HIST-005194-00）、622202100000088299（ACCT-HIST-005194-01）、622202100000088300（ACCT-HIST-005194-02），独立统计交易8笔、金额2371286.00元。行为链表现为：分散账户向中转账户转入，随后汇集至核心收款账户。具体顺序为：622202100000088298于2023-11-17向622202100000088299转账456016.54元，随后622202100000088299于2023-11-18向622202100000088300转账410414.88元，随后622202100000088300于2023-11-19向622202100000088298转账364813.23元，随后622202100000088298于2023-11-20向622202100000088300转账319211.58元，随后622202100000088299于2023-11-21向622202100000088298转账273609.92元，随后622202100000088300于2023-11-22向622202100000088299转账228008.27元，随后622202100000088298于2023-11-23向622202100000088300转账182406.62元，随后622202100000088299于2023-11-24向622202100000088298转账136804.96元。可复核逐笔流水为：TX-AML-HIST-005194-01-001（2023-11-17，622202100000088298向622202100000088299转账456016.54元）；TX-AML-HIST-005194-01-002（2023-11-18，622202100000088299向622202100000088300转账410414.88元）；TX-AML-HIST-005194-01-003（2023-11-19，622202100000088300向622202100000088298转账364813.23元）；TX-AML-HIST-005194-01-004（2023-11-20，622202100000088298向622202100000088300转账319211.58元）；TX-AML-HIST-005194-01-005（2023-11-21，622202100000088299向622202100000088298转账273609.92元）；TX-AML-HIST-005194-01-006（2023-11-22，622202100000088300向622202100000088299转账228008.27元）；TX-AML-HIST-005194-01-007（2023-11-23，622202100000088298向622202100000088300转账182406.62元）；TX-AML-HIST-005194-01-008（2023-11-24，622202100000088299向622202100000088298转账136804.96元）。多个关联账户分散转入后，资金被集中转入少数核心账户；结构化特征为转入账户数量、集中度和资金汇集时长；累计金额2371286.00元，交易8笔，资金最长停留12小时，共同设备关联4个账户。证据方面，交易流水TX-AML-HIST-005194-01-001、TX-AML-HIST-005194-01-002、TX-AML-HIST-005194-01-003、TX-AML-HIST-005194-01-004、TX-AML-HIST-005194-01-005、TX-AML-HIST-005194-01-006、TX-AML-HIST-005194-01-007、TX-AML-HIST-005194-01-008可与账户开户资料、登录设备日志、付款用途及业务凭证逐项对应；其中TX-AML-HIST-005194-01-001至TX-AML-HIST-005194-01-008共同构成该模式的完整资金链。该模式单独统计、单独核验，不与其他模式合并计算。\n2. 秦雅婷控制的账户实施虚假贸易或服务结算相关行为。该组事实对应虚假贸易或服务结算，独立观察期间为2023-11-27至2023-12-03，独立涉及账户为622202100000088301（ACCT-HIST-005194-03）、622202100000088302（ACCT-HIST-005194-04），独立统计交易7笔、金额2388597.00元。行为链表现为：贸易款进入结算账户后以不一致用途转往关联服务商。具体顺序为：622202100000088301于2023-11-27向622202100000088302转账511842.21元，随后622202100000088302于2023-11-28向622202100000088301转账454970.86元，随后622202100000088301于2023-11-29向622202100000088301转账398099.50元，随后622202100000088302于2023-11-30向622202100000088302转账341228.14元，随后622202100000088301于2023-12-01向622202100000088301转账284356.79元，随后622202100000088302于2023-12-02向622202100000088302转账227485.43元，随后622202100000088301于2023-12-03向622202100000088301转账170614.07元。可复核逐笔流水为：TX-AML-HIST-005194-02-001（2023-11-27，622202100000088301向622202100000088302转账511842.21元）；TX-AML-HIST-005194-02-002（2023-11-28，622202100000088302向622202100000088301转账454970.86元）；TX-AML-HIST-005194-02-003（2023-11-29，622202100000088301向622202100000088301转账398099.50元）；TX-AML-HIST-005194-02-004（2023-11-30，622202100000088302向622202100000088302转账341228.14元）；TX-AML-HIST-005194-02-005（2023-12-01，622202100000088301向622202100000088301转账284356.79元）；TX-AML-HIST-005194-02-006（2023-12-02，622202100000088302向622202100000088302转账227485.43元）；TX-AML-HIST-005194-02-007（2023-12-03，622202100000088301向622202100000088301转账170614.07元）。合同、发票或物流信息与逐笔付款用途和交易对手不能相互印证；结构化特征为单证差异、付款批次和实际资金去向；累计金额2388597.00元，交易7笔，资金最长停留13小时，共同设备关联5个账户。证据方面，交易流水TX-AML-HIST-005194-02-001、TX-AML-HIST-005194-02-002、TX-AML-HIST-005194-02-003、TX-AML-HIST-005194-02-004、TX-AML-HIST-005194-02-005、TX-AML-HIST-005194-02-006、TX-AML-HIST-005194-02-007可与账户开户资料、登录设备日志、付款用途及业务凭证逐项对应；其中TX-AML-HIST-005194-02-001至TX-AML-HIST-005194-02-007共同构成该模式的完整资金链。该模式单独统计、单独核验，不与其他模式合并计算。\n3. 赵泽宇控制的账户实施异常公转私相关行为。该组事实对应异常公转私，独立观察期间为2023-12-07至2023-12-12，独立涉及账户为622202100000088303（ACCT-HIST-005194-05）、622202100000088304（ACCT-HIST-005194-06）、622202100000088305（ACCT-HIST-005194-07）、622202100000088306（ACCT-HIST-005194-08），独立统计交易6笔、金额2405908.00元。行为链表现为：对公账户收到项目款后经中转账户持续向个人账户划款。具体顺序为：622202100000088303于2023-12-07向622202100000088304转账583250.42元，随后622202100000088304于2023-12-08向622202100000088305转账510344.12元，随后622202100000088305于2023-12-09向622202100000088306转账437437.82元，随后622202100000088306于2023-12-10向622202100000088303转账364531.52元，随后622202100000088303于2023-12-11向622202100000088305转账291625.21元，随后622202100000088304于2023-12-12向622202100000088306转账218718.91元。可复核逐笔流水为：TX-AML-HIST-005194-03-001（2023-12-07，622202100000088303向622202100000088304转账583250.42元）；TX-AML-HIST-005194-03-002（2023-12-08，622202100000088304向622202100000088305转账510344.12元）；TX-AML-HIST-005194-03-003（2023-12-09，622202100000088305向622202100000088306转账437437.82元）；TX-AML-HIST-005194-03-004（2023-12-10，622202100000088306向622202100000088303转账364531.52元）；TX-AML-HIST-005194-03-005（2023-12-11，622202100000088303向622202100000088305转账291625.21元）；TX-AML-HIST-005194-03-006（2023-12-12，622202100000088304向622202100000088306转账218718.91元）。企业经营收入频繁转入实际控制人及关联个人账户且用途凭证不足；结构化特征为公转私金额、交易频率和用途凭证完整度；累计金额2405908.00元，交易6笔，资金最长停留14小时，共同设备关联2个账户。证据方面，交易流水TX-AML-HIST-005194-03-001、TX-AML-HIST-005194-03-002、TX-AML-HIST-005194-03-003、TX-AML-HIST-005194-03-004、TX-AML-HIST-005194-03-005、TX-AML-HIST-005194-03-006可与账户开户资料、登录设备日志、付款用途及业务凭证逐项对应；其中TX-AML-HIST-005194-03-001至TX-AML-HIST-005194-03-006共同构成该模式的完整资金链。该模式单独统计、单独核验，不与其他模式合并计算。\n4. 李欣怡控制的账户实施贷款资金挪用或回流相关行为。该组事实对应贷款资金挪用或回流，独立观察期间为2023-12-17至2023-12-21，独立涉及账户为622202100000088307（ACCT-HIST-005194-09）、622202100000088308（ACCT-HIST-005194-10）、622202100000088309（ACCT-HIST-005194-11），独立统计交易5笔、金额2423219.00元。行为链表现为：贷款进入借款账户后经供应商账户转至关联方并回到控制人账户。具体顺序为：622202100000088307于2023-12-17向622202100000088308转账678501.32元，随后622202100000088308于2023-12-18向622202100000088309转账581572.56元，随后622202100000088309于2023-12-19向622202100000088307转账484643.80元，随后622202100000088307于2023-12-20向622202100000088309转账387715.04元，随后622202100000088308于2023-12-21向622202100000088307转账290786.28元。可复核逐笔流水为：TX-AML-HIST-005194-04-001（2023-12-17，622202100000088307向622202100000088308转账678501.32元）；TX-AML-HIST-005194-04-002（2023-12-18，622202100000088308向622202100000088309转账581572.56元）；TX-AML-HIST-005194-04-003（2023-12-19，622202100000088309向622202100000088307转账484643.80元）；TX-AML-HIST-005194-04-004（2023-12-20，622202100000088307向622202100000088309转账387715.04元）；TX-AML-HIST-005194-04-005（2023-12-21，622202100000088308向622202100000088307转账290786.28元）。贷款资金到账后未用于约定经营用途，而是转往关联账户并部分回流；结构化特征为贷款用途、关联转账金额和回流比例；累计金额2423219.00元，交易5笔，资金最长停留15小时，共同设备关联3个账户。证据方面，交易流水TX-AML-HIST-005194-04-001、TX-AML-HIST-005194-04-002、TX-AML-HIST-005194-04-003、TX-AML-HIST-005194-04-004、TX-AML-HIST-005194-04-005可与账户开户资料、登录设备日志、付款用途及业务凭证逐项对应；其中TX-AML-HIST-005194-04-001至TX-AML-HIST-005194-04-005共同构成该模式的完整资金链。该模式单独统计、单独核验，不与其他模式合并计算。\n5. 郑志强控制的账户实施虚开发票结算后资金回流相关行为。该组事实对应虚开发票结算后资金回流，独立观察期间为2023-12-27至2023-12-30，独立涉及账户为622202100000088310（ACCT-HIST-005194-12）、622202100000088311（ACCT-HIST-005194-13），独立统计交易4笔、金额2440530.00元。行为链表现为：付款账户完成发票结算后，资金经中转账户回流至关联个人。具体顺序为：622202100000088310于2023-12-27向622202100000088311转账813510.00元，随后622202100000088311于2023-12-28向622202100000088310转账677925.00元，随后622202100000088310于2023-12-29向622202100000088310转账542340.00元，随后622202100000088311于2023-12-30向622202100000088311转账406755.00元。可复核逐笔流水为：TX-AML-HIST-005194-05-001（2023-12-27，622202100000088310向622202100000088311转账813510.00元）；TX-AML-HIST-005194-05-002（2023-12-28，622202100000088311向622202100000088310转账677925.00元）；TX-AML-HIST-005194-05-003（2023-12-29，622202100000088310向622202100000088310转账542340.00元）；TX-AML-HIST-005194-05-004（2023-12-30，622202100000088311向622202100000088311转账406755.00元）。发票结算资金经多个账户拆分后回到开票方关联人员账户；结构化特征为发票金额、拆分笔数和最终受益人；累计金额2440530.00元，交易4笔，资金最长停留16小时，共同设备关联4个账户。证据方面，交易流水TX-AML-HIST-005194-05-001、TX-AML-HIST-005194-05-002、TX-AML-HIST-005194-05-003、TX-AML-HIST-005194-05-004可与账户开户资料、登录设备日志、付款用途及业务凭证逐项对应；其中TX-AML-HIST-005194-05-001至TX-AML-HIST-005194-05-004共同构成该模式的完整资金链。该模式单独统计、单独核验，不与其他模式合并计算。\n\n2. 账号方向\n5组模式分别使用第1组账户622202100000088298、622202100000088299、622202100000088300（2023-11-17至2023-11-24，2371286.00元）；第2组账户622202100000088301、622202100000088302（2023-11-27至2023-12-03，2388597.00元）；第3组账户622202100000088303、622202100000088304、622202100000088305、622202100000088306（2023-12-07至2023-12-12，2405908.00元）；第4组账户622202100000088307、622202100000088308、622202100000088309（2023-12-17至2023-12-21，2423219.00元）；第5组账户622202100000088310、622202100000088311（2023-12-27至2023-12-30，2440530.00元）。账户组之间不交叉代替，各组行为链均可由对应流水、开户资料和设备日志复核。账户间的频繁过渡和部分回流提示资金周转倾向，但账户实际控制关系仍需通过登录日志、柜面凭证和客户访谈确认。\n\n3. 交易对手方向\n1. 分散转入后集中转出对应交易对手包括安泰工程有限公司、瑞丰科技有限公司、华辰供应链有限公司、盛达咨询服务有限公司、恒信商贸有限公司、嘉禾物流有限公司；涉及日期2023-11-17至2023-11-24，对应金额2371286.00元，需结合合同、发票、物流或服务成果核验交易背景。\n2. 虚假贸易或服务结算对应交易对手包括瑞丰科技有限公司、华辰供应链有限公司、盛达咨询服务有限公司、恒信商贸有限公司、嘉禾物流有限公司、安泰工程有限公司；涉及日期2023-11-27至2023-12-03，对应金额2388597.00元，需结合合同、发票、物流或服务成果核验交易背景。\n3. 异常公转私对应交易对手包括华辰供应链有限公司、盛达咨询服务有限公司、恒信商贸有限公司、嘉禾物流有限公司、安泰工程有限公司、瑞丰科技有限公司；涉及日期2023-12-07至2023-12-12，对应金额2405908.00元，需结合合同、发票、物流或服务成果核验交易背景。\n4. 贷款资金挪用或回流对应交易对手包括盛达咨询服务有限公司、恒信商贸有限公司、嘉禾物流有限公司、安泰工程有限公司、瑞丰科技有限公司；涉及日期2023-12-17至2023-12-21，对应金额2423219.00元，需结合合同、发票、物流或服务成果核验交易背景。\n5. 虚开发票结算后资金回流对应交易对手包括恒信商贸有限公司、嘉禾物流有限公司、安泰工程有限公司、瑞丰科技有限公司；涉及日期2023-12-27至2023-12-30，对应金额2440530.00元，需结合合同、发票、物流或服务成果核验交易背景。\n交易对手覆盖多个行业名称，单凭名称及交易次数不能认定其为空壳主体或异常对手；应逐户核验工商信息、合同履约、发票开具、物流轨迹、服务成果和最终受益人。\n\n4. 司法查询方向\n现有材料未提供司法查询、协查、冻结、止付或有权机关认定结果，因此本方向暂不作确定判断。后续如取得相关资料，应与本案逐笔流水、账户控制关系和交易用途分别核验，不得以单一查询结果替代完整事实审查。\n\n【四】综合分析\n有事实支持的风险指标包括：观察期内30笔逐笔流水及12029540.00元累计交易均可定位到具体账户；5组模式分别记录了日期、金额、行为链和证据链；夜间交易3笔；共享设备DEV-AML-HIST-005194-SHARED与多个账户存在关联。具有一定支持的候选疑点为资金归集后分散、关联账户过渡、异常公转私或回流等行为，具体对应分散转入后集中转出、虚假贸易或服务结算、异常公转私、贷款资金挪用或回流、虚开发票结算后资金回流。当前不能确认相关资金具有违法来源，也不能排除项目结算、供应链付款、关联企业往来和短期经营周转等正常解释。关键数据缺口包括完整账户余额序列、合同发票原件、物流或服务成果、客户历史基线、交易对手尽调、设备实际使用人和外部调查反馈。建议逐笔核验本报告列明的流水，分别复核每组模式的账户、日期、金额和行为链，补充增强尽职调查材料，并将核验结果提交有权审批岗复核。""}","[{""entity_id"":""ACCT-HIST-005194-00"",""account_type"":""对公基本存款账户"",""holder_name"":""韩建国"",""holder_id_type"":""居民身份证"",""holder_id_number"":""610120005055271"",""account_open_date"":""2022-09-23"",""account_close_date"":"""",""account_number"":""622202100000088298"",""bank_card_type"":""单位结算卡"",""bank_card_number"":""622202100000088298"",""institution"":""中国邮政储蓄银行成都市锦江支行"",""bank_info"":""中国邮政储蓄银行成都市锦江支行""},{""entity_id"":""ACCT-HIST-005194-01"",""account_type"":""个人活期结算账户"",""holder_name"":""秦雅婷"",""holder_id_type"":""居民身份证"",""holder_id_number"":""610120015072362"",""account_open_date"":""2022-10-02"",""account_close_date"":"""",""account_number"":""622202100000088299"",""bank_card_type"":""借记卡"",""bank_card_number"":""622202100000088299"",""institution"":""中国邮政储蓄银行成都市西湖支行"",""bank_info"":""中国邮政储蓄银行成都市西湖支行""},{""entity_id"":""ACCT-HIST-005194-02"",""account_type"":""个人活期结算账户"",""holder_name"":""赵泽宇"",""holder_id_type"":""居民身份证"",""holder_id_number"":""610120025089453"",""account_open_date"":""2022-10-11"",""account_close_date"":"""",""account_number"":""622202100000088300"",""bank_card_type"":""借记卡"",""bank_card_number"":""622202100000088300"",""institution"":""中国邮政储蓄银行成都市高新支行"",""bank_info"":""中国邮政储蓄银行成都市高新支行""},{""entity_id"":""ACCT-HIST-005194-03"",""account_type"":""对公基本存款账户"",""holder_name"":""李欣怡"",""holder_id_type"":""居民身份证"",""holder_id_number"":""610120035106544"",""account_open_date"":""2022-10-20"",""account_close_date"":"""",""account_number"":""622202100000088301"",""bank_card_type"":""单位结算卡"",""bank_card_number"":""622202100000088301"",""institution"":""中国邮政储蓄银行成都市曲江支行"",""bank_info"":""中国邮政储蓄银行成都市曲江支行""},{""entity_id"":""ACCT-HIST-005194-04"",""account_type"":""个人活期结算账户"",""holder_name"":""郑志强"",""holder_id_type"":""居民身份证"",""holder_id_number"":""610120045123635"",""account_open_date"":""2022-10-29"",""account_close_date"":"""",""account_number"":""622202100000088302"",""bank_card_type"":""借记卡"",""bank_card_number"":""622202100000088302"",""institution"":""中国邮政储蓄银行成都市渝中支行"",""bank_info"":""中国邮政储蓄银行成都市渝中支行""},{""entity_id"":""ACCT-HIST-005194-05"",""account_type"":""个人活期结算账户"",""holder_name"":""韩建国"",""holder_id_type"":""居民身份证"",""holder_id_number"":""610120005055271"",""account_open_date"":""2022-11-07"",""account_close_date"":"""",""account_number"":""622202100000088303"",""bank_card_type"":""借记卡"",""bank_card_number"":""622202100000088303"",""institution"":""中国邮政储蓄银行成都市武昌支行"",""bank_info"":""中国邮政储蓄银行成都市武昌支行""},{""entity_id"":""ACCT-HIST-005194-06"",""account_type"":""对公基本存款账户"",""holder_name"":""秦雅婷"",""holder_id_type"":""居民身份证"",""holder_id_number"":""610120015072362"",""account_open_date"":""2022-11-16"",""account_close_date"":"""",""account_number"":""622202100000088304"",""bank_card_type"":""单位结算卡"",""bank_card_number"":""622202100000088304"",""institution"":""中国邮政储蓄银行成都市锦江支行"",""bank_info"":""中国邮政储蓄银行成都市锦江支行""},{""entity_id"":""ACCT-HIST-005194-07"",""account_type"":""个人活期结算账户"",""holder_name"":""赵泽宇"",""holder_id_type"":""居民身份证"",""holder_id_number"":""610120025089453"",""account_open_date"":""2022-11-25"",""account_close_date"":"""",""account_number"":""622202100000088305"",""bank_card_type"":""借记卡"",""bank_card_number"":""622202100000088305"",""institution"":""中国邮政储蓄银行成都市西湖支行"",""bank_info"":""中国邮政储蓄银行成都市西湖支行""},{""entity_id"":""ACCT-HIST-005194-08"",""account_type"":""个人活期结算账户"",""holder_name"":""李欣怡"",""holder_id_type"":""居民身份证"",""holder_id_number"":""610120035106544"",""account_open_date"":""2022-12-04"",""account_close_date"":"""",""account_number"":""622202100000088306"",""bank_card_type"":""借记卡"",""bank_card_number"":""622202100000088306"",""institution"":""中国邮政储蓄银行成都市高新支行"",""bank_info"":""中国邮政储蓄银行成都市高新支行""},{""entity_id"":""ACCT-HIST-005194-09"",""account_type"":""对公基本存款账户"",""holder_name"":""郑志强"",""holder_id_type"":""居民身份证"",""holder_id_number"":""610120045123635"",""account_open_date"":""2022-12-13"",""account_close_date"":"""",""account_number"":""622202100000088307"",""bank_card_type"":""单位结算卡"",""bank_card_number"":""622202100000088307"",""institution"":""中国邮政储蓄银行成都市曲江支行"",""bank_info"":""中国邮政储蓄银行成都市曲江支行""},{""entity_id"":""ACCT-HIST-005194-10"",""account_type"":""个人活期结算账户"",""holder_name"":""韩建国"",""holder_id_type"":""居民身份证"",""holder_id_number"":""610120005055271"",""account_open_date"":""2022-12-22"",""account_close_date"":"""",""account_number"":""622202100000088308"",""bank_card_type"":""借记卡"",""bank_card_number"":""622202100000088308"",""institution"":""中国邮政储蓄银行成都市渝中支行"",""bank_info"":""中国邮政储蓄银行成都市渝中支行""},{""entity_id"":""ACCT-HIST-005194-11"",""account_type"":""个人活期结算账户"",""holder_name"":""秦雅婷"",""holder_id_type"":""居民身份证"",""holder_id_number"":""610120015072362"",""account_open_date"":""2022-12-31"",""account_close_date"":"""",""account_number"":""622202100000088309"",""bank_card_type"":""借记卡"",""bank_card_number"":""622202100000088309"",""institution"":""中国邮政储蓄银行成都市武昌支行"",""bank_info"":""中国邮政储蓄银行成都市武昌支行""},{""entity_id"":""ACCT-HIST-005194-12"",""account_type"":""对公基本存款账户"",""holder_name"":""赵泽宇"",""holder_id_type"":""居民身份证"",""holder_id_number"":""610120025089453"",""account_open_date"":""2023-01-09"",""account_close_date"":"""",""account_number"":""622202100000088310"",""bank_card_type"":""单位结算卡"",""bank_card_number"":""622202100000088310"",""institution"":""中国邮政储蓄银行成都市锦江支行"",""bank_info"":""中国邮政储蓄银行成都市锦江支行""},{""entity_id"":""ACCT-HIST-005194-13"",""account_type"":""个人活期结算账户"",""holder_name"":""李欣怡"",""holder_id_type"":""居民身份证"",""holder_id_number"":""610120035106544"",""account_open_date"":""2023-01-18"",""account_close_date"":"""",""account_number"":""622202100000088311"",""bank_card_type"":""借记卡"",""bank_card_number"":""622202100000088311"",""institution"":""中国邮政储蓄银行成都市西湖支行"",""bank_info"":""中国邮政储蓄银行成都市西湖支行""}]","[]"
"{""case_id"":""AML-HIST-005195"",""case_name"":""物流运输领域多人共用设备或IP风险案例005195"",""case_description"":""本案涉及杨欣怡、尤志强、钱雨桐等3名客户，2024-12-18至2025-02-09期间，18个关联账户累计发生33笔重点交易、金额14534895.00元，呈现多人共用设备或IP、跨境多层绕转、关联企业对开票虚假结算、资金快进快出、关联账户协同交易、贴近报告阈值刻意规避等6组相互独立的可疑模式；相关资金形成可逐笔复核的多段行为链，现已提高客户风险等级并开展增强尽职调查。"",""business_domain"":""反洗钱与资金链风险识别"",""case_type"":""多模式异常资金链历史案例"",""submission_direction"":""01"",""case_trigger"":""01"",""urgency"":""02"",""report_date"":""2025-02-21"",""case_status"":""03"",""risk_level"":""03"",""suspected_crime_type"":""1002"",""suspicious_transaction_codes"":""ET024、ET029、ET063、ET009、ET012、ET053"",""suspicious_pattern_details"":[{""event_id"":""0000001"",""event_type_id"":""ET024"",""event_type"":""多人共用设备或IP"",""event_name"":""杨欣怡控制的账户实施多人共用设备或IP相关行为"",""subject_entity_id"":""CUST-HIST-005195-A"",""subject_name"":""杨欣怡"",""account_ids"":[""ACCT-HIST-005195-00"",""ACCT-HIST-005195-01"",""ACCT-HIST-005195-02"",""ACCT-HIST-005195-03""],""account_numbers"":[""622202100000088315"",""622202100000088316"",""622202100000088317"",""622202100000088318""],""event_start_date"":""2024-12-18"",""event_end_date"":""2024-12-20"",""total_amount_cny"":2379205,""transaction_ids"":[""TX-AML-HIST-005195-01-001"",""TX-AML-HIST-005195-01-002"",""TX-AML-HIST-005195-01-003""],""behavior_chain"":""关联账户通过共同设备登录并依次完成收款、过渡和转出。具体顺序为：622202100000088315于2024-12-18向622202100000088316转账991335.42元，随后622202100000088316于2024-12-19向622202100000088317转账793068.33元，随后622202100000088317于2024-12-20向622202100000088318转账594801.25元。"",""fact"":""多个客户账户反复使用同一设备和网络地址在相近时段操作"",""risk_indicator"":""共享设备数、共享网络地址和操作时间重合度；累计金额2379205.00元，交易3笔，资金最长停留13小时，共同设备关联5个账户"",""source_fact_summary"":""交易流水TX-AML-HIST-005195-01-001、TX-AML-HIST-005195-01-002、TX-AML-HIST-005195-01-003可与账户开户资料、登录设备日志、付款用途及业务凭证逐项对应；其中TX-AML-HIST-005195-01-001至TX-AML-HIST-005195-01-003共同构成该模式的完整资金链。""},{""event_id"":""0000002"",""event_type_id"":""ET029"",""event_type"":""跨境多层绕转"",""event_name"":""尤志强控制的账户实施跨境多层绕转相关行为"",""subject_entity_id"":""CUST-HIST-005195-B"",""subject_name"":""尤志强"",""account_ids"":[""ACCT-HIST-005195-04"",""ACCT-HIST-005195-05"",""ACCT-HIST-005195-06""],""account_numbers"":[""622202100000088319"",""622202100000088320"",""622202100000088321""],""event_start_date"":""2024-12-28"",""event_end_date"":""2025-01-04"",""total_amount_cny"":2396516,""transaction_ids"":[""TX-AML-HIST-005195-02-001"",""TX-AML-HIST-005195-02-002"",""TX-AML-HIST-005195-02-003"",""TX-AML-HIST-005195-02-004"",""TX-AML-HIST-005195-02-005"",""TX-AML-HIST-005195-02-006"",""TX-AML-HIST-005195-02-007"",""TX-AML-HIST-005195-02-008""],""behavior_chain"":""境内账户经中转账户向境外收款方付款，再由关联账户承接。具体顺序为：622202100000088319于2024-12-28向622202100000088320转账460868.46元，随后622202100000088320于2024-12-29向622202100000088321转账414781.62元，随后622202100000088321于2024-12-30向622202100000088319转账368694.77元，随后622202100000088319于2024-12-31向622202100000088321转账322607.92元，随后622202100000088320于2025-01-01向622202100000088319转账276521.08元，随后622202100000088321于2025-01-02向622202100000088320转账230434.23元，随后622202100000088319于2025-01-03向622202100000088321转账184347.38元，随后622202100000088320于2025-01-04向622202100000088319转账138260.54元。"",""fact"":""跨境资金通过多个境内外账户分层绕转，最终回到关联受益人"",""risk_indicator"":""跨境层级、收付款关系和受益人关联性；累计金额2396516.00元，交易8笔，资金最长停留14小时，共同设备关联2个账户"",""source_fact_summary"":""交易流水TX-AML-HIST-005195-02-001、TX-AML-HIST-005195-02-002、TX-AML-HIST-005195-02-003、TX-AML-HIST-005195-02-004、TX-AML-HIST-005195-02-005、TX-AML-HIST-005195-02-006、TX-AML-HIST-005195-02-007、TX-AML-HIST-005195-02-008可与账户开户资料、登录设备日志、付款用途及业务凭证逐项对应；其中TX-AML-HIST-005195-02-001至TX-AML-HIST-005195-02-008共同构成该模式的完整资金链。""},{""event_id"":""0000003"",""event_type_id"":""ET063"",""event_type"":""关联企业对开票虚假结算"",""event_name"":""钱雨桐控制的账户实施关联企业对开票虚假结算相关行为"",""subject_entity_id"":""CUST-HIST-005195-C"",""subject_name"":""钱雨桐"",""account_ids"":[""ACCT-HIST-005195-07"",""ACCT-HIST-005195-08""],""account_numbers"":[""622202100000088322"",""622202100000088323""],""event_start_date"":""2025-01-07"",""event_end_date"":""2025-01-13"",""total_amount_cny"":2413827,""transaction_ids"":[""TX-AML-HIST-005195-03-001"",""TX-AML-HIST-005195-03-002"",""TX-AML-HIST-005195-03-003"",""TX-AML-HIST-005195-03-004"",""TX-AML-HIST-005195-03-005"",""TX-AML-HIST-005195-03-006"",""TX-AML-HIST-005195-03-007""],""behavior_chain"":""企业间以采购名义付款后经服务商账户向原控制网络回流。具体顺序为：622202100000088322于2025-01-07向622202100000088323转账517248.64元，随后622202100000088323于2025-01-08向622202100000088322转账459776.57元，随后622202100000088322于2025-01-09向622202100000088322转账402304.50元，随后622202100000088323于2025-01-10向622202100000088323转账344832.43元，随后622202100000088322于2025-01-11向622202100000088322转账287360.36元，随后622202100000088323于2025-01-12向622202100000088323转账229888.29元，随后622202100000088322于2025-01-13向622202100000088322转账172416.21元。"",""fact"":""关联企业对开金额相近的发票并在结算后将资金转回原付款方"",""risk_indicator"":""发票对应关系、对开金额和回流路径；累计金额2413827.00元，交易7笔，资金最长停留15小时，共同设备关联3个账户"",""source_fact_summary"":""交易流水TX-AML-HIST-005195-03-001、TX-AML-HIST-005195-03-002、TX-AML-HIST-005195-03-003、TX-AML-HIST-005195-03-004、TX-AML-HIST-005195-03-005、TX-AML-HIST-005195-03-006、TX-AML-HIST-005195-03-007可与账户开户资料、登录设备日志、付款用途及业务凭证逐项对应；其中TX-AML-HIST-005195-03-001至TX-AML-HIST-005195-03-007共同构成该模式的完整资金链。""},{""event_id"":""0000004"",""event_type_id"":""ET009"",""event_type"":""资金快进快出"",""event_name"":""杨欣怡控制的账户实施资金快进快出相关行为"",""subject_entity_id"":""CUST-HIST-005195-A"",""subject_name"":""杨欣怡"",""account_ids"":[""ACCT-HIST-005195-09"",""ACCT-HIST-005195-10"",""ACCT-HIST-005195-11"",""ACCT-HIST-005195-12""],""account_numbers"":[""622202100000088324"",""622202100000088325"",""622202100000088326"",""622202100000088327""],""event_start_date"":""2025-01-17"",""event_end_date"":""2025-01-22"",""total_amount_cny"":2431138,""transaction_ids"":[""TX-AML-HIST-005195-04-001"",""TX-AML-HIST-005195-04-002"",""TX-AML-HIST-005195-04-003"",""TX-AML-HIST-005195-04-004"",""TX-AML-HIST-005195-04-005"",""TX-AML-HIST-005195-04-006""],""behavior_chain"":""资金从收款账户归集至中转账户后分散转往关联账户。具体顺序为：622202100000088324于2025-01-17向622202100000088325转账589366.79元，随后622202100000088325于2025-01-18向622202100000088326转账515695.94元，随后622202100000088326于2025-01-19向622202100000088327转账442025.09元，随后622202100000088327于2025-01-20向622202100000088324转账368354.24元，随后622202100000088324于2025-01-21向622202100000088326转账294683.39元，随后622202100000088325于2025-01-22向622202100000088327转账221012.55元。"",""fact"":""多名交易对手转入的资金在短时间内由中转账户连续划出，期末余额接近零"",""risk_indicator"":""资金停留时间、入账后转出比例和期末余额；累计金额2431138.00元，交易6笔，资金最长停留16小时，共同设备关联4个账户"",""source_fact_summary"":""交易流水TX-AML-HIST-005195-04-001、TX-AML-HIST-005195-04-002、TX-AML-HIST-005195-04-003、TX-AML-HIST-005195-04-004、TX-AML-HIST-005195-04-005、TX-AML-HIST-005195-04-006可与账户开户资料、登录设备日志、付款用途及业务凭证逐项对应；其中TX-AML-HIST-005195-04-001至TX-AML-HIST-005195-04-006共同构成该模式的完整资金链。""},{""event_id"":""0000005"",""event_type_id"":""ET012"",""event_type"":""关联账户协同交易"",""event_name"":""尤志强控制的账户实施关联账户协同交易相关行为"",""subject_entity_id"":""CUST-HIST-005195-B"",""subject_name"":""尤志强"",""account_ids"":[""ACCT-HIST-005195-13"",""ACCT-HIST-005195-14"",""ACCT-HIST-005195-15""],""account_numbers"":[""622202100000088328"",""622202100000088329"",""622202100000088330""],""event_start_date"":""2025-01-27"",""event_end_date"":""2025-01-31"",""total_amount_cny"":2448449,""transaction_ids"":[""TX-AML-HIST-005195-05-001"",""TX-AML-HIST-005195-05-002"",""TX-AML-HIST-005195-05-003"",""TX-AML-HIST-005195-05-004"",""TX-AML-HIST-005195-05-005""],""behavior_chain"":""关联客户账户交叉收付并共同使用登录设备，形成协同资金链。具体顺序为：622202100000088328于2025-01-27向622202100000088329转账685565.72元，随后622202100000088329于2025-01-28向622202100000088330转账587627.76元，随后622202100000088330于2025-01-29向622202100000088328转账489689.80元，随后622202100000088328于2025-01-30向622202100000088330转账391751.84元，随后622202100000088329于2025-01-31向622202100000088328转账293813.88元。"",""fact"":""多个关联账户使用相同设备与网络地址协同完成资金转移"",""risk_indicator"":""共享设备账户数、共同网络地址和交叉交易次数；累计金额2448449.00元，交易5笔，资金最长停留17小时，共同设备关联5个账户"",""source_fact_summary"":""交易流水TX-AML-HIST-005195-05-001、TX-AML-HIST-005195-05-002、TX-AML-HIST-005195-05-003、TX-AML-HIST-005195-05-004、TX-AML-HIST-005195-05-005可与账户开户资料、登录设备日志、付款用途及业务凭证逐项对应；其中TX-AML-HIST-005195-05-001至TX-AML-HIST-005195-05-005共同构成该模式的完整资金链。""},{""event_id"":""0000006"",""event_type_id"":""ET053"",""event_type"":""贴近报告阈值刻意规避"",""event_name"":""钱雨桐控制的账户实施贴近报告阈值刻意规避相关行为"",""subject_entity_id"":""CUST-HIST-005195-C"",""subject_name"":""钱雨桐"",""account_ids"":[""ACCT-HIST-005195-16"",""ACCT-HIST-005195-17""],""account_numbers"":[""622202100000088331"",""622202100000088332""],""event_start_date"":""2025-02-06"",""event_end_date"":""2025-02-09"",""total_amount_cny"":2465760,""transaction_ids"":[""TX-AML-HIST-005195-06-001"",""TX-AML-HIST-005195-06-002"",""TX-AML-HIST-005195-06-003"",""TX-AML-HIST-005195-06-004""],""behavior_chain"":""付款账户分笔向中转账户转账，再由中转账户统一划出。具体顺序为：622202100000088331于2025-02-06向622202100000088332转账821920.00元，随后622202100000088332于2025-02-07向622202100000088331转账684933.33元，随后622202100000088331于2025-02-08向622202100000088331转账547946.67元，随后622202100000088332于2025-02-09向622202100000088332转账410960.00元。"",""fact"":""多笔交易金额持续贴近机构内部监测阈值且由同一控制网络操作"",""risk_indicator"":""阈值附近交易笔数、时间间隔和共同控制信息；累计金额2465760.00元，交易4笔，资金最长停留18小时，共同设备关联2个账户"",""source_fact_summary"":""交易流水TX-AML-HIST-005195-06-001、TX-AML-HIST-005195-06-002、TX-AML-HIST-005195-06-003、TX-AML-HIST-005195-06-004可与账户开户资料、登录设备日志、付款用途及业务凭证逐项对应；其中TX-AML-HIST-005195-06-001至TX-AML-HIST-005195-06-004共同构成该模式的完整资金链。""}],""disposition_measures"":""提高客户风险等级、发起增强尽职调查、设置交易复核"",""province"":""武汉市"",""stat_window_start"":""2024-12-18"",""stat_window_end"":""2025-02-09"",""shared_device_id"":""DEV-AML-HIST-005195-SHARED"",""structured_transaction_summary"":{""stat_window_days"":54,""customer_count"":3,""account_count"":18,""tx_cnt_30d"":33,""in_tx_cnt_30d"":17,""out_tx_cnt_30d"":16,""tx_cirmb_amt_sum_30d"":14534895,""in_cirmb_amt_sum_30d"":7412796.45,""out_cirmb_amt_sum_30d"":7122098.55,""night_tx_cnt_30d"":7,""night_tx_ratio"":0.21,""counterparty_cnt_30d"":23,""currency_cnt_30d"":1}}","[{""entity_id"":""CUST-HIST-005195-A"",""customer_name"":""杨欣怡"",""customer_number"":""C1000051950"",""id_type"":""居民身份证"",""id_number"":""610120015056241"",""occupation_industry"":""物流运输"",""nationality"":""中国"",""address"":""武汉市高新区金融街35号"",""customer_risk_level"":""高风险"",""legal_representative_name"":""杨欣怡"",""legal_representative_id_type"":""居民身份证"",""legal_representative_id_number"":""610120015056241"",""controller_name"":""杨欣怡"",""controller_id_type"":""居民身份证"",""controller_id_number"":""610119825158787""},{""entity_id"":""CUST-HIST-005195-B"",""customer_name"":""尤志强"",""customer_number"":""C1000051951"",""id_type"":""居民身份证"",""id_number"":""610120025073332"",""occupation_industry"":""企业财务与资金管理"",""nationality"":""中国"",""address"":""武汉市经开区金融街35号"",""customer_risk_level"":""较高风险"",""legal_representative_name"":"""",""legal_representative_id_type"":"""",""legal_representative_id_number"":"""",""controller_name"":""赵若兰"",""controller_id_type"":""居民身份证"",""controller_id_number"":""610119835175878""},{""entity_id"":""CUST-HIST-005195-C"",""customer_name"":""钱雨桐"",""customer_number"":""C1000051952"",""id_type"":""居民身份证"",""id_number"":""610120035090423"",""occupation_industry"":""企业财务与资金管理"",""nationality"":""中国"",""address"":""武汉市中心城区金融街35号"",""customer_risk_level"":""较高风险"",""legal_representative_name"":"""",""legal_representative_id_type"":"""",""legal_representative_id_number"":"""",""controller_name"":""赵若兰"",""controller_id_type"":""居民身份证"",""controller_id_number"":""610119845192969""}]","{""analysis_text1"":""【一】发现情况\n本案例由日常交易监测和客户风险复核触发。观察窗口为2024-12-18至2025-02-09，涉及3名客户、18个账户及33笔重点交易，收付累计金额14534895.00元。现有事实呈现多人共用设备或IP、跨境多层绕转、关联企业对开票虚假结算、资金快进快出、关联账户协同交易、贴近报告阈值刻意规避等6组相互独立的可疑行为特征。上述内容属于待核验风险事实，不构成对违法犯罪的认定。\n\n【二】客户基本情况\n1. 杨欣怡（CUST-HIST-005195-A），客户号C1000051950，证件类型及号码为居民身份证610120015056241，职业或经营行业为物流运输，常住或经营地址为武汉市高新区金融街35号，当前客户风险等级为高风险，登记实际控制人为杨欣怡。\n2. 尤志强（CUST-HIST-005195-B），客户号C1000051951，证件类型及号码为居民身份证610120025073332，职业或经营行业为企业财务与资金管理，常住或经营地址为武汉市经开区金融街35号，当前客户风险等级为较高风险，登记实际控制人为赵若兰。\n3. 钱雨桐（CUST-HIST-005195-C），客户号C1000051952，证件类型及号码为居民身份证610120035090423，职业或经营行业为企业财务与资金管理，常住或经营地址为武汉市中心城区金融街35号，当前客户风险等级为较高风险，登记实际控制人为赵若兰。\n客户与账户通过稳定实体标识对应，未将同名主体自行合并。现有客户资料能够支持身份、行业、地区和风险等级核验，收入规模、历史经营基线及受益所有权证明仍需进一步补充。\n\n【三】开户与整体交易\n本案账户情况如下：\n1. 杨欣怡名下账户ACCT-HIST-005195-00，账号622202100000088315，账户类型为对公基本存款账户，于2023年10月25日在中国邮政储蓄银行武汉市西湖支行开立，账户载体为单位结算卡。\n2. 尤志强名下账户ACCT-HIST-005195-01，账号622202100000088316，账户类型为个人活期结算账户，于2023年11月3日在中国邮政储蓄银行武汉市高新支行开立，账户载体为借记卡。\n3. 钱雨桐名下账户ACCT-HIST-005195-02，账号622202100000088317，账户类型为个人活期结算账户，于2023年11月12日在中国邮政储蓄银行武汉市曲江支行开立，账户载体为借记卡。\n4. 杨欣怡名下账户ACCT-HIST-005195-03，账号622202100000088318，账户类型为对公基本存款账户，于2023年11月21日在中国邮政储蓄银行武汉市渝中支行开立，账户载体为单位结算卡。\n5. 尤志强名下账户ACCT-HIST-005195-04，账号622202100000088319，账户类型为个人活期结算账户，于2023年11月30日在中国邮政储蓄银行武汉市武昌支行开立，账户载体为借记卡。\n6. 钱雨桐名下账户ACCT-HIST-005195-05，账号622202100000088320，账户类型为个人活期结算账户，于2023年12月9日在中国邮政储蓄银行武汉市锦江支行开立，账户载体为借记卡。\n7. 杨欣怡名下账户ACCT-HIST-005195-06，账号622202100000088321，账户类型为对公基本存款账户，于2023年12月18日在中国邮政储蓄银行武汉市西湖支行开立，账户载体为单位结算卡。\n8. 尤志强名下账户ACCT-HIST-005195-07，账号622202100000088322，账户类型为个人活期结算账户，于2023年12月27日在中国邮政储蓄银行武汉市高新支行开立，账户载体为借记卡。\n9. 钱雨桐名下账户ACCT-HIST-005195-08，账号622202100000088323，账户类型为个人活期结算账户，于2024年1月5日在中国邮政储蓄银行武汉市曲江支行开立，账户载体为借记卡。\n10. 杨欣怡名下账户ACCT-HIST-005195-09，账号622202100000088324，账户类型为对公基本存款账户，于2024年1月14日在中国邮政储蓄银行武汉市渝中支行开立，账户载体为单位结算卡。\n11. 尤志强名下账户ACCT-HIST-005195-10，账号622202100000088325，账户类型为个人活期结算账户，于2024年1月23日在中国邮政储蓄银行武汉市武昌支行开立，账户载体为借记卡。\n12. 钱雨桐名下账户ACCT-HIST-005195-11，账号622202100000088326，账户类型为个人活期结算账户，于2024年2月1日在中国邮政储蓄银行武汉市锦江支行开立，账户载体为借记卡。\n13. 杨欣怡名下账户ACCT-HIST-005195-12，账号622202100000088327，账户类型为对公基本存款账户，于2024年2月10日在中国邮政储蓄银行武汉市西湖支行开立，账户载体为单位结算卡。\n14. 尤志强名下账户ACCT-HIST-005195-13，账号622202100000088328，账户类型为个人活期结算账户，于2024年2月19日在中国邮政储蓄银行武汉市高新支行开立，账户载体为借记卡。\n15. 钱雨桐名下账户ACCT-HIST-005195-14，账号622202100000088329，账户类型为个人活期结算账户，于2024年2月28日在中国邮政储蓄银行武汉市曲江支行开立，账户载体为借记卡。\n16. 杨欣怡名下账户ACCT-HIST-005195-15，账号622202100000088330，账户类型为对公基本存款账户，于2024年3月8日在中国邮政储蓄银行武汉市渝中支行开立，账户载体为单位结算卡。\n17. 尤志强名下账户ACCT-HIST-005195-16，账号622202100000088331，账户类型为个人活期结算账户，于2024年3月17日在中国邮政储蓄银行武汉市武昌支行开立，账户载体为借记卡。\n18. 钱雨桐名下账户ACCT-HIST-005195-17，账号622202100000088332，账户类型为个人活期结算账户，于2024年3月26日在中国邮政储蓄银行武汉市锦江支行开立，账户载体为借记卡。\n观察期内逐笔重点交易如下：\n1. 2024-12-18 08:11:07，流水TX-AML-HIST-005195-01-001，付款账号622202100000088315通过柜面转账向收款账号622202100000088316转账991335.42元，用途记载为项目款结算，交易对手名称为瑞丰科技有限公司，操作设备DEV-AML-HIST-005195-1，网络地址172.175.10.21。\n2. 2024-12-19 23:12:08，流水TX-AML-HIST-005195-01-002，付款账号622202100000088316通过网上银行向收款账号622202100000088317转账793068.33元，用途记载为供应链采购款，交易对手名称为华辰供应链有限公司，操作设备DEV-AML-HIST-005195-1，网络地址172.175.10.22。\n3. 2024-12-20 12:13:09，流水TX-AML-HIST-005195-01-003，付款账号622202100000088317通过柜面转账向收款账号622202100000088318转账594801.25元，用途记载为咨询服务费，交易对手名称为盛达咨询服务有限公司，操作设备DEV-AML-HIST-005195-1，网络地址172.175.10.23。\n4. 2024-12-28 23:11:07，流水TX-AML-HIST-005195-02-001，付款账号622202100000088319通过柜面转账向收款账号622202100000088320转账460868.46元，用途记载为项目款结算，交易对手名称为华辰供应链有限公司，操作设备DEV-AML-HIST-005195-2，网络地址172.175.11.21。\n5. 2024-12-29 11:12:08，流水TX-AML-HIST-005195-02-002，付款账号622202100000088320通过网上银行向收款账号622202100000088321转账414781.62元，用途记载为供应链采购款，交易对手名称为盛达咨询服务有限公司，操作设备DEV-AML-HIST-005195-2，网络地址172.175.11.22。\n6. 2024-12-30 13:13:09，流水TX-AML-HIST-005195-02-003，付款账号622202100000088321通过柜面转账向收款账号622202100000088319转账368694.77元，用途记载为咨询服务费，交易对手名称为恒信商贸有限公司，操作设备DEV-AML-HIST-005195-2，网络地址172.175.11.23。\n7. 2024-12-31 15:14:10，流水TX-AML-HIST-005195-02-004，付款账号622202100000088319通过手机银行向收款账号622202100000088321转账322607.92元，用途记载为劳务服务费，交易对手名称为嘉禾物流有限公司，操作设备DEV-AML-HIST-005195-2，网络地址172.175.11.24。\n8. 2025-01-01 17:15:11，流水TX-AML-HIST-005195-02-005，付款账号622202100000088320通过柜面转账向收款账号622202100000088319转账276521.08元，用途记载为往来款，交易对手名称为安泰工程有限公司，操作设备DEV-AML-HIST-005195-2，网络地址172.175.11.25。\n9. 2025-01-02 19:16:12，流水TX-AML-HIST-005195-02-006，付款账号622202100000088321通过网上银行向收款账号622202100000088320转账230434.23元，用途记载为undefined，交易对手名称为瑞丰科技有限公司，操作设备DEV-AML-HIST-005195-2，网络地址172.175.11.26。\n10. 2025-01-03 23:17:13，流水TX-AML-HIST-005195-02-007，付款账号622202100000088319通过柜面转账向收款账号622202100000088321转账184347.38元，用途记载为undefined，交易对手名称为华辰供应链有限公司，操作设备DEV-AML-HIST-005195-2，网络地址172.175.11.27。\n11. 2025-01-04 11:18:14，流水TX-AML-HIST-005195-02-008，付款账号622202100000088320通过网上银行向收款账号622202100000088319转账138260.54元，用途记载为undefined，交易对手名称为盛达咨询服务有限公司，操作设备DEV-AML-HIST-005195-2，网络地址172.175.11.28。\n12. 2025-01-07 10:11:07，流水TX-AML-HIST-005195-03-001，付款账号622202100000088322通过柜面转账向收款账号622202100000088323转账517248.64元，用途记载为项目款结算，交易对手名称为盛达咨询服务有限公司，操作设备DEV-AML-HIST-005195-3，网络地址172.175.12.21。\n13. 2025-01-08 12:12:08，流水TX-AML-HIST-005195-03-002，付款账号622202100000088323通过网上银行向收款账号622202100000088322转账459776.57元，用途记载为供应链采购款，交易对手名称为恒信商贸有限公司，操作设备DEV-AML-HIST-005195-3，网络地址172.175.12.22。\n14. 2025-01-09 14:13:09，流水TX-AML-HIST-005195-03-003，付款账号622202100000088322通过柜面转账向收款账号622202100000088322转账402304.50元，用途记载为咨询服务费，交易对手名称为嘉禾物流有限公司，操作设备DEV-AML-HIST-005195-3，网络地址172.175.12.23。\n15. 2025-01-10 16:14:10，流水TX-AML-HIST-005195-03-004，付款账号622202100000088323通过手机银行向收款账号622202100000088323转账344832.43元，用途记载为劳务服务费，交易对手名称为安泰工程有限公司，操作设备DEV-AML-HIST-005195-3，网络地址172.175.12.24。\n16. 2025-01-11 18:15:11，流水TX-AML-HIST-005195-03-005，付款账号622202100000088322通过柜面转账向收款账号622202100000088322转账287360.36元，用途记载为往来款，交易对手名称为瑞丰科技有限公司，操作设备DEV-AML-HIST-005195-3，网络地址172.175.12.25。\n17. 2025-01-12 23:16:12，流水TX-AML-HIST-005195-03-006，付款账号622202100000088323通过网上银行向收款账号622202100000088323转账229888.29元，用途记载为undefined，交易对手名称为华辰供应链有限公司，操作设备DEV-AML-HIST-005195-3，网络地址172.175.12.26。\n18. 2025-01-13 10:17:13，流水TX-AML-HIST-005195-03-007，付款账号622202100000088322通过柜面转账向收款账号622202100000088322转账172416.21元，用途记载为undefined，交易对手名称为盛达咨询服务有限公司，操作设备DEV-AML-HIST-005195-3，网络地址172.175.12.27。\n19. 2025-01-17 11:11:07，流水TX-AML-HIST-005195-04-001，付款账号622202100000088324通过柜面转账向收款账号622202100000088325转账589366.79元，用途记载为项目款结算，交易对手名称为恒信商贸有限公司，操作设备DEV-AML-HIST-005195-4，网络地址172.175.13.21。\n20. 2025-01-18 13:12:08，流水TX-AML-HIST-005195-04-002，付款账号622202100000088325通过网上银行向收款账号622202100000088326转账515695.94元，用途记载为供应链采购款，交易对手名称为嘉禾物流有限公司，操作设备DEV-AML-HIST-005195-4，网络地址172.175.13.22。\n21. 2025-01-19 15:13:09，流水TX-AML-HIST-005195-04-003，付款账号622202100000088326通过柜面转账向收款账号622202100000088327转账442025.09元，用途记载为咨询服务费，交易对手名称为安泰工程有限公司，操作设备DEV-AML-HIST-005195-4，网络地址172.175.13.23。\n22. 2025-01-20 17:14:10，流水TX-AML-HIST-005195-04-004，付款账号622202100000088327通过手机银行向收款账号622202100000088324转账368354.24元，用途记载为劳务服务费，交易对手名称为瑞丰科技有限公司，操作设备DEV-AML-HIST-005195-4，网络地址172.175.13.24。\n23. 2025-01-21 23:15:11，流水TX-AML-HIST-005195-04-005，付款账号622202100000088324通过柜面转账向收款账号622202100000088326转账294683.39元，用途记载为往来款，交易对手名称为华辰供应链有限公司，操作设备DEV-AML-HIST-005195-4，网络地址172.175.13.25。\n24. 2025-01-22 09:16:12，流水TX-AML-HIST-005195-04-006，付款账号622202100000088325通过网上银行向收款账号622202100000088327转账221012.55元，用途记载为undefined，交易对手名称为盛达咨询服务有限公司，操作设备DEV-AML-HIST-005195-4，网络地址172.175.13.26。\n25. 2025-01-27 12:11:07，流水TX-AML-HIST-005195-05-001，付款账号622202100000088328通过柜面转账向收款账号622202100000088329转账685565.72元，用途记载为项目款结算，交易对手名称为嘉禾物流有限公司，操作设备DEV-AML-HIST-005195-5，网络地址172.175.14.21。\n26. 2025-01-28 14:12:08，流水TX-AML-HIST-005195-05-002，付款账号622202100000088329通过网上银行向收款账号622202100000088330转账587627.76元，用途记载为供应链采购款，交易对手名称为安泰工程有限公司，操作设备DEV-AML-HIST-005195-5，网络地址172.175.14.22。\n27. 2025-01-29 16:13:09，流水TX-AML-HIST-005195-05-003，付款账号622202100000088330通过柜面转账向收款账号622202100000088328转账489689.80元，用途记载为咨询服务费，交易对手名称为瑞丰科技有限公司，操作设备DEV-AML-HIST-005195-5，网络地址172.175.14.23。\n28. 2025-01-30 23:14:10，流水TX-AML-HIST-005195-05-004，付款账号622202100000088328通过手机银行向收款账号622202100000088330转账391751.84元，用途记载为劳务服务费，交易对手名称为华辰供应链有限公司，操作设备DEV-AML-HIST-005195-5，网络地址172.175.14.24。\n29. 2025-01-31 08:15:11，流水TX-AML-HIST-005195-05-005，付款账号622202100000088329通过柜面转账向收款账号622202100000088328转账293813.88元，用途记载为往来款，交易对手名称为盛达咨询服务有限公司，操作设备DEV-AML-HIST-005195-5，网络地址172.175.14.25。\n30. 2025-02-06 13:11:07，流水TX-AML-HIST-005195-06-001，付款账号622202100000088331通过柜面转账向收款账号622202100000088332转账821920.00元，用途记载为项目款结算，交易对手名称为安泰工程有限公司，操作设备DEV-AML-HIST-005195-6，网络地址172.175.15.21。\n31. 2025-02-07 15:12:08，流水TX-AML-HIST-005195-06-002，付款账号622202100000088332通过网上银行向收款账号622202100000088331转账684933.33元，用途记载为供应链采购款，交易对手名称为瑞丰科技有限公司，操作设备DEV-AML-HIST-005195-6，网络地址172.175.15.22。\n32. 2025-02-08 23:13:09，流水TX-AML-HIST-005195-06-003，付款账号622202100000088331通过柜面转账向收款账号622202100000088331转账547946.67元，用途记载为咨询服务费，交易对手名称为华辰供应链有限公司，操作设备DEV-AML-HIST-005195-6，网络地址172.175.15.23。\n33. 2025-02-09 19:14:10，流水TX-AML-HIST-005195-06-004，付款账号622202100000088332通过手机银行向收款账号622202100000088332转账410960.00元，用途记载为劳务服务费，交易对手名称为盛达咨询服务有限公司，操作设备DEV-AML-HIST-005195-6，网络地址172.175.15.24。\n全案观察期口径共发生33笔重点收付，其中收款17笔、付款16笔，累计金额14534895.00元；夜间交易7笔。上述流水均保留交易日期、时间、付款账户、收款账户、金额、渠道、用途、交易对手、设备和网络地址，可按流水号逐项复核。\n\n【四】资金来源与去向\n1. 杨欣怡控制的账户实施多人共用设备或IP相关行为。该组事实对应多人共用设备或IP，独立观察期间为2024-12-18至2024-12-20，独立涉及账户为622202100000088315（ACCT-HIST-005195-00）、622202100000088316（ACCT-HIST-005195-01）、622202100000088317（ACCT-HIST-005195-02）、622202100000088318（ACCT-HIST-005195-03），独立统计交易3笔、金额2379205.00元。行为链表现为：关联账户通过共同设备登录并依次完成收款、过渡和转出。具体顺序为：622202100000088315于2024-12-18向622202100000088316转账991335.42元，随后622202100000088316于2024-12-19向622202100000088317转账793068.33元，随后622202100000088317于2024-12-20向622202100000088318转账594801.25元。可复核逐笔流水为：TX-AML-HIST-005195-01-001（2024-12-18，622202100000088315向622202100000088316转账991335.42元）；TX-AML-HIST-005195-01-002（2024-12-19，622202100000088316向622202100000088317转账793068.33元）；TX-AML-HIST-005195-01-003（2024-12-20，622202100000088317向622202100000088318转账594801.25元）。多个客户账户反复使用同一设备和网络地址在相近时段操作；结构化特征为共享设备数、共享网络地址和操作时间重合度；累计金额2379205.00元，交易3笔，资金最长停留13小时，共同设备关联5个账户。证据方面，交易流水TX-AML-HIST-005195-01-001、TX-AML-HIST-005195-01-002、TX-AML-HIST-005195-01-003可与账户开户资料、登录设备日志、付款用途及业务凭证逐项对应；其中TX-AML-HIST-005195-01-001至TX-AML-HIST-005195-01-003共同构成该模式的完整资金链。该模式单独统计、单独核验，不与其他模式合并计算。\n2. 尤志强控制的账户实施跨境多层绕转相关行为。该组事实对应跨境多层绕转，独立观察期间为2024-12-28至2025-01-04，独立涉及账户为622202100000088319（ACCT-HIST-005195-04）、622202100000088320（ACCT-HIST-005195-05）、622202100000088321（ACCT-HIST-005195-06），独立统计交易8笔、金额2396516.00元。行为链表现为：境内账户经中转账户向境外收款方付款，再由关联账户承接。具体顺序为：622202100000088319于2024-12-28向622202100000088320转账460868.46元，随后622202100000088320于2024-12-29向622202100000088321转账414781.62元，随后622202100000088321于2024-12-30向622202100000088319转账368694.77元，随后622202100000088319于2024-12-31向622202100000088321转账322607.92元，随后622202100000088320于2025-01-01向622202100000088319转账276521.08元，随后622202100000088321于2025-01-02向622202100000088320转账230434.23元，随后622202100000088319于2025-01-03向622202100000088321转账184347.38元，随后622202100000088320于2025-01-04向622202100000088319转账138260.54元。可复核逐笔流水为：TX-AML-HIST-005195-02-001（2024-12-28，622202100000088319向622202100000088320转账460868.46元）；TX-AML-HIST-005195-02-002（2024-12-29，622202100000088320向622202100000088321转账414781.62元）；TX-AML-HIST-005195-02-003（2024-12-30，622202100000088321向622202100000088319转账368694.77元）；TX-AML-HIST-005195-02-004（2024-12-31，622202100000088319向622202100000088321转账322607.92元）；TX-AML-HIST-005195-02-005（2025-01-01，622202100000088320向622202100000088319转账276521.08元）；TX-AML-HIST-005195-02-006（2025-01-02，622202100000088321向622202100000088320转账230434.23元）；TX-AML-HIST-005195-02-007（2025-01-03，622202100000088319向622202100000088321转账184347.38元）；TX-AML-HIST-005195-02-008（2025-01-04，622202100000088320向622202100000088319转账138260.54元）。跨境资金通过多个境内外账户分层绕转，最终回到关联受益人；结构化特征为跨境层级、收付款关系和受益人关联性；累计金额2396516.00元，交易8笔，资金最长停留14小时，共同设备关联2个账户。证据方面，交易流水TX-AML-HIST-005195-02-001、TX-AML-HIST-005195-02-002、TX-AML-HIST-005195-02-003、TX-AML-HIST-005195-02-004、TX-AML-HIST-005195-02-005、TX-AML-HIST-005195-02-006、TX-AML-HIST-005195-02-007、TX-AML-HIST-005195-02-008可与账户开户资料、登录设备日志、付款用途及业务凭证逐项对应；其中TX-AML-HIST-005195-02-001至TX-AML-HIST-005195-02-008共同构成该模式的完整资金链。该模式单独统计、单独核验，不与其他模式合并计算。\n3. 钱雨桐控制的账户实施关联企业对开票虚假结算相关行为。该组事实对应关联企业对开票虚假结算，独立观察期间为2025-01-07至2025-01-13，独立涉及账户为622202100000088322（ACCT-HIST-005195-07）、622202100000088323（ACCT-HIST-005195-08），独立统计交易7笔、金额2413827.00元。行为链表现为：企业间以采购名义付款后经服务商账户向原控制网络回流。具体顺序为：622202100000088322于2025-01-07向622202100000088323转账517248.64元，随后622202100000088323于2025-01-08向622202100000088322转账459776.57元，随后622202100000088322于2025-01-09向622202100000088322转账402304.50元，随后622202100000088323于2025-01-10向622202100000088323转账344832.43元，随后622202100000088322于2025-01-11向622202100000088322转账287360.36元，随后622202100000088323于2025-01-12向622202100000088323转账229888.29元，随后622202100000088322于2025-01-13向622202100000088322转账172416.21元。可复核逐笔流水为：TX-AML-HIST-005195-03-001（2025-01-07，622202100000088322向622202100000088323转账517248.64元）；TX-AML-HIST-005195-03-002（2025-01-08，622202100000088323向622202100000088322转账459776.57元）；TX-AML-HIST-005195-03-003（2025-01-09，622202100000088322向622202100000088322转账402304.50元）；TX-AML-HIST-005195-03-004（2025-01-10，622202100000088323向622202100000088323转账344832.43元）；TX-AML-HIST-005195-03-005（2025-01-11，622202100000088322向622202100000088322转账287360.36元）；TX-AML-HIST-005195-03-006（2025-01-12，622202100000088323向622202100000088323转账229888.29元）；TX-AML-HIST-005195-03-007（2025-01-13，622202100000088322向622202100000088322转账172416.21元）。关联企业对开金额相近的发票并在结算后将资金转回原付款方；结构化特征为发票对应关系、对开金额和回流路径；累计金额2413827.00元，交易7笔，资金最长停留15小时，共同设备关联3个账户。证据方面，交易流水TX-AML-HIST-005195-03-001、TX-AML-HIST-005195-03-002、TX-AML-HIST-005195-03-003、TX-AML-HIST-005195-03-004、TX-AML-HIST-005195-03-005、TX-AML-HIST-005195-03-006、TX-AML-HIST-005195-03-007可与账户开户资料、登录设备日志、付款用途及业务凭证逐项对应；其中TX-AML-HIST-005195-03-001至TX-AML-HIST-005195-03-007共同构成该模式的完整资金链。该模式单独统计、单独核验，不与其他模式合并计算。\n4. 杨欣怡控制的账户实施资金快进快出相关行为。该组事实对应资金快进快出，独立观察期间为2025-01-17至2025-01-22，独立涉及账户为622202100000088324（ACCT-HIST-005195-09）、622202100000088325（ACCT-HIST-005195-10）、622202100000088326（ACCT-HIST-005195-11）、622202100000088327（ACCT-HIST-005195-12），独立统计交易6笔、金额2431138.00元。行为链表现为：资金从收款账户归集至中转账户后分散转往关联账户。具体顺序为：622202100000088324于2025-01-17向622202100000088325转账589366.79元，随后622202100000088325于2025-01-18向622202100000088326转账515695.94元，随后622202100000088326于2025-01-19向622202100000088327转账442025.09元，随后622202100000088327于2025-01-20向622202100000088324转账368354.24元，随后622202100000088324于2025-01-21向622202100000088326转账294683.39元，随后622202100000088325于2025-01-22向622202100000088327转账221012.55元。可复核逐笔流水为：TX-AML-HIST-005195-04-001（2025-01-17，622202100000088324向622202100000088325转账589366.79元）；TX-AML-HIST-005195-04-002（2025-01-18，622202100000088325向622202100000088326转账515695.94元）；TX-AML-HIST-005195-04-003（2025-01-19，622202100000088326向622202100000088327转账442025.09元）；TX-AML-HIST-005195-04-004（2025-01-20，622202100000088327向622202100000088324转账368354.24元）；TX-AML-HIST-005195-04-005（2025-01-21，622202100000088324向622202100000088326转账294683.39元）；TX-AML-HIST-005195-04-006（2025-01-22，622202100000088325向622202100000088327转账221012.55元）。多名交易对手转入的资金在短时间内由中转账户连续划出，期末余额接近零；结构化特征为资金停留时间、入账后转出比例和期末余额；累计金额2431138.00元，交易6笔，资金最长停留16小时，共同设备关联4个账户。证据方面，交易流水TX-AML-HIST-005195-04-001、TX-AML-HIST-005195-04-002、TX-AML-HIST-005195-04-003、TX-AML-HIST-005195-04-004、TX-AML-HIST-005195-04-005、TX-AML-HIST-005195-04-006可与账户开户资料、登录设备日志、付款用途及业务凭证逐项对应；其中TX-AML-HIST-005195-04-001至TX-AML-HIST-005195-04-006共同构成该模式的完整资金链。该模式单独统计、单独核验，不与其他模式合并计算。\n5. 尤志强控制的账户实施关联账户协同交易相关行为。该组事实对应关联账户协同交易，独立观察期间为2025-01-27至2025-01-31，独立涉及账户为622202100000088328（ACCT-HIST-005195-13）、622202100000088329（ACCT-HIST-005195-14）、622202100000088330（ACCT-HIST-005195-15），独立统计交易5笔、金额2448449.00元。行为链表现为：关联客户账户交叉收付并共同使用登录设备，形成协同资金链。具体顺序为：622202100000088328于2025-01-27向622202100000088329转账685565.72元，随后622202100000088329于2025-01-28向622202100000088330转账587627.76元，随后622202100000088330于2025-01-29向622202100000088328转账489689.80元，随后622202100000088328于2025-01-30向622202100000088330转账391751.84元，随后622202100000088329于2025-01-31向622202100000088328转账293813.88元。可复核逐笔流水为：TX-AML-HIST-005195-05-001（2025-01-27，622202100000088328向622202100000088329转账685565.72元）；TX-AML-HIST-005195-05-002（2025-01-28，622202100000088329向622202100000088330转账587627.76元）；TX-AML-HIST-005195-05-003（2025-01-29，622202100000088330向622202100000088328转账489689.80元）；TX-AML-HIST-005195-05-004（2025-01-30，622202100000088328向622202100000088330转账391751.84元）；TX-AML-HIST-005195-05-005（2025-01-31，622202100000088329向622202100000088328转账293813.88元）。多个关联账户使用相同设备与网络地址协同完成资金转移；结构化特征为共享设备账户数、共同网络地址和交叉交易次数；累计金额2448449.00元，交易5笔，资金最长停留17小时，共同设备关联5个账户。证据方面，交易流水TX-AML-HIST-005195-05-001、TX-AML-HIST-005195-05-002、TX-AML-HIST-005195-05-003、TX-AML-HIST-005195-05-004、TX-AML-HIST-005195-05-005可与账户开户资料、登录设备日志、付款用途及业务凭证逐项对应；其中TX-AML-HIST-005195-05-001至TX-AML-HIST-005195-05-005共同构成该模式的完整资金链。该模式单独统计、单独核验，不与其他模式合并计算。\n6. 钱雨桐控制的账户实施贴近报告阈值刻意规避相关行为。该组事实对应贴近报告阈值刻意规避，独立观察期间为2025-02-06至2025-02-09，独立涉及账户为622202100000088331（ACCT-HIST-005195-16）、622202100000088332（ACCT-HIST-005195-17），独立统计交易4笔、金额2465760.00元。行为链表现为：付款账户分笔向中转账户转账，再由中转账户统一划出。具体顺序为：622202100000088331于2025-02-06向622202100000088332转账821920.00元，随后622202100000088332于2025-02-07向622202100000088331转账684933.33元，随后622202100000088331于2025-02-08向622202100000088331转账547946.67元，随后622202100000088332于2025-02-09向622202100000088332转账410960.00元。可复核逐笔流水为：TX-AML-HIST-005195-06-001（2025-02-06，622202100000088331向622202100000088332转账821920.00元）；TX-AML-HIST-005195-06-002（2025-02-07，622202100000088332向622202100000088331转账684933.33元）；TX-AML-HIST-005195-06-003（2025-02-08，622202100000088331向622202100000088331转账547946.67元）；TX-AML-HIST-005195-06-004（2025-02-09，622202100000088332向622202100000088332转账410960.00元）。多笔交易金额持续贴近机构内部监测阈值且由同一控制网络操作；结构化特征为阈值附近交易笔数、时间间隔和共同控制信息；累计金额2465760.00元，交易4笔，资金最长停留18小时，共同设备关联2个账户。证据方面，交易流水TX-AML-HIST-005195-06-001、TX-AML-HIST-005195-06-002、TX-AML-HIST-005195-06-003、TX-AML-HIST-005195-06-004可与账户开户资料、登录设备日志、付款用途及业务凭证逐项对应；其中TX-AML-HIST-005195-06-001至TX-AML-HIST-005195-06-004共同构成该模式的完整资金链。该模式单独统计、单独核验，不与其他模式合并计算。\n\n【五】客户主体分析\n杨欣怡（CUST-HIST-005195-A）、尤志强（CUST-HIST-005195-B）、钱雨桐（CUST-HIST-005195-C）在同一观察窗口内涉及上述账户资金链，交易规模、夜间操作、共享设备和账户间往来相互印证，提示账户可能被用于资金归集、中转或回流。现有材料同时不能排除集中结算、项目周期性付款、关联企业正常往来等替代解释。机构已提高客户风险等级、发起增强尽职调查并设置交易复核；后续应核对经营规模、合同发票、物流或服务成果、受益所有人、账户实际控制关系和资金最终用途。"",""analysis_text2"":""【一】案例概述\n本案涉及杨欣怡、尤志强、钱雨桐等3名客户，2024-12-18至2025-02-09期间，18个关联账户累计发生33笔重点交易、金额14534895.00元，呈现多人共用设备或IP、跨境多层绕转、关联企业对开票虚假结算、资金快进快出、关联账户协同交易、贴近报告阈值刻意规避等6组相互独立的可疑模式；相关资金形成可逐笔复核的多段行为链，现已提高客户风险等级并开展增强尽职调查。本案当前处于风险复核阶段，6组可疑模式均以独立账户集合、独立日期范围、独立金额及逐笔流水为依据，未将不同模式合并统计。\n\n【二】客户主体分析\n主要关注客户为杨欣怡（CUST-HIST-005195-A，物流运输，高风险）、尤志强（CUST-HIST-005195-B，企业财务与资金管理，较高风险）、钱雨桐（CUST-HIST-005195-C，企业财务与资金管理，较高风险）。客户名下账户开户资料齐备，但现有交易规模和多段资金链需要与其实际经营范围、收入来源、账户声明用途及受益所有权材料进一步比对。基于现有资料只能形成风险关注方向，不能据此认定客户实施违法犯罪行为。\n\n【三】客户交易分析\n1. 资金交易方向\n1. 杨欣怡控制的账户实施多人共用设备或IP相关行为。该组事实对应多人共用设备或IP，独立观察期间为2024-12-18至2024-12-20，独立涉及账户为622202100000088315（ACCT-HIST-005195-00）、622202100000088316（ACCT-HIST-005195-01）、622202100000088317（ACCT-HIST-005195-02）、622202100000088318（ACCT-HIST-005195-03），独立统计交易3笔、金额2379205.00元。行为链表现为：关联账户通过共同设备登录并依次完成收款、过渡和转出。具体顺序为：622202100000088315于2024-12-18向622202100000088316转账991335.42元，随后622202100000088316于2024-12-19向622202100000088317转账793068.33元，随后622202100000088317于2024-12-20向622202100000088318转账594801.25元。可复核逐笔流水为：TX-AML-HIST-005195-01-001（2024-12-18，622202100000088315向622202100000088316转账991335.42元）；TX-AML-HIST-005195-01-002（2024-12-19，622202100000088316向622202100000088317转账793068.33元）；TX-AML-HIST-005195-01-003（2024-12-20，622202100000088317向622202100000088318转账594801.25元）。多个客户账户反复使用同一设备和网络地址在相近时段操作；结构化特征为共享设备数、共享网络地址和操作时间重合度；累计金额2379205.00元，交易3笔，资金最长停留13小时，共同设备关联5个账户。证据方面，交易流水TX-AML-HIST-005195-01-001、TX-AML-HIST-005195-01-002、TX-AML-HIST-005195-01-003可与账户开户资料、登录设备日志、付款用途及业务凭证逐项对应；其中TX-AML-HIST-005195-01-001至TX-AML-HIST-005195-01-003共同构成该模式的完整资金链。该模式单独统计、单独核验，不与其他模式合并计算。\n2. 尤志强控制的账户实施跨境多层绕转相关行为。该组事实对应跨境多层绕转，独立观察期间为2024-12-28至2025-01-04，独立涉及账户为622202100000088319（ACCT-HIST-005195-04）、622202100000088320（ACCT-HIST-005195-05）、622202100000088321（ACCT-HIST-005195-06），独立统计交易8笔、金额2396516.00元。行为链表现为：境内账户经中转账户向境外收款方付款，再由关联账户承接。具体顺序为：622202100000088319于2024-12-28向622202100000088320转账460868.46元，随后622202100000088320于2024-12-29向622202100000088321转账414781.62元，随后622202100000088321于2024-12-30向622202100000088319转账368694.77元，随后622202100000088319于2024-12-31向622202100000088321转账322607.92元，随后622202100000088320于2025-01-01向622202100000088319转账276521.08元，随后622202100000088321于2025-01-02向622202100000088320转账230434.23元，随后622202100000088319于2025-01-03向622202100000088321转账184347.38元，随后622202100000088320于2025-01-04向622202100000088319转账138260.54元。可复核逐笔流水为：TX-AML-HIST-005195-02-001（2024-12-28，622202100000088319向622202100000088320转账460868.46元）；TX-AML-HIST-005195-02-002（2024-12-29，622202100000088320向622202100000088321转账414781.62元）；TX-AML-HIST-005195-02-003（2024-12-30，622202100000088321向622202100000088319转账368694.77元）；TX-AML-HIST-005195-02-004（2024-12-31，622202100000088319向622202100000088321转账322607.92元）；TX-AML-HIST-005195-02-005（2025-01-01，622202100000088320向622202100000088319转账276521.08元）；TX-AML-HIST-005195-02-006（2025-01-02，622202100000088321向622202100000088320转账230434.23元）；TX-AML-HIST-005195-02-007（2025-01-03，622202100000088319向622202100000088321转账184347.38元）；TX-AML-HIST-005195-02-008（2025-01-04，622202100000088320向622202100000088319转账138260.54元）。跨境资金通过多个境内外账户分层绕转，最终回到关联受益人；结构化特征为跨境层级、收付款关系和受益人关联性；累计金额2396516.00元，交易8笔，资金最长停留14小时，共同设备关联2个账户。证据方面，交易流水TX-AML-HIST-005195-02-001、TX-AML-HIST-005195-02-002、TX-AML-HIST-005195-02-003、TX-AML-HIST-005195-02-004、TX-AML-HIST-005195-02-005、TX-AML-HIST-005195-02-006、TX-AML-HIST-005195-02-007、TX-AML-HIST-005195-02-008可与账户开户资料、登录设备日志、付款用途及业务凭证逐项对应；其中TX-AML-HIST-005195-02-001至TX-AML-HIST-005195-02-008共同构成该模式的完整资金链。该模式单独统计、单独核验，不与其他模式合并计算。\n3. 钱雨桐控制的账户实施关联企业对开票虚假结算相关行为。该组事实对应关联企业对开票虚假结算，独立观察期间为2025-01-07至2025-01-13，独立涉及账户为622202100000088322（ACCT-HIST-005195-07）、622202100000088323（ACCT-HIST-005195-08），独立统计交易7笔、金额2413827.00元。行为链表现为：企业间以采购名义付款后经服务商账户向原控制网络回流。具体顺序为：622202100000088322于2025-01-07向622202100000088323转账517248.64元，随后622202100000088323于2025-01-08向622202100000088322转账459776.57元，随后622202100000088322于2025-01-09向622202100000088322转账402304.50元，随后622202100000088323于2025-01-10向622202100000088323转账344832.43元，随后622202100000088322于2025-01-11向622202100000088322转账287360.36元，随后622202100000088323于2025-01-12向622202100000088323转账229888.29元，随后622202100000088322于2025-01-13向622202100000088322转账172416.21元。可复核逐笔流水为：TX-AML-HIST-005195-03-001（2025-01-07，622202100000088322向622202100000088323转账517248.64元）；TX-AML-HIST-005195-03-002（2025-01-08，622202100000088323向622202100000088322转账459776.57元）；TX-AML-HIST-005195-03-003（2025-01-09，622202100000088322向622202100000088322转账402304.50元）；TX-AML-HIST-005195-03-004（2025-01-10，622202100000088323向622202100000088323转账344832.43元）；TX-AML-HIST-005195-03-005（2025-01-11，622202100000088322向622202100000088322转账287360.36元）；TX-AML-HIST-005195-03-006（2025-01-12，622202100000088323向622202100000088323转账229888.29元）；TX-AML-HIST-005195-03-007（2025-01-13，622202100000088322向622202100000088322转账172416.21元）。关联企业对开金额相近的发票并在结算后将资金转回原付款方；结构化特征为发票对应关系、对开金额和回流路径；累计金额2413827.00元，交易7笔，资金最长停留15小时，共同设备关联3个账户。证据方面，交易流水TX-AML-HIST-005195-03-001、TX-AML-HIST-005195-03-002、TX-AML-HIST-005195-03-003、TX-AML-HIST-005195-03-004、TX-AML-HIST-005195-03-005、TX-AML-HIST-005195-03-006、TX-AML-HIST-005195-03-007可与账户开户资料、登录设备日志、付款用途及业务凭证逐项对应；其中TX-AML-HIST-005195-03-001至TX-AML-HIST-005195-03-007共同构成该模式的完整资金链。该模式单独统计、单独核验，不与其他模式合并计算。\n4. 杨欣怡控制的账户实施资金快进快出相关行为。该组事实对应资金快进快出，独立观察期间为2025-01-17至2025-01-22，独立涉及账户为622202100000088324（ACCT-HIST-005195-09）、622202100000088325（ACCT-HIST-005195-10）、622202100000088326（ACCT-HIST-005195-11）、622202100000088327（ACCT-HIST-005195-12），独立统计交易6笔、金额2431138.00元。行为链表现为：资金从收款账户归集至中转账户后分散转往关联账户。具体顺序为：622202100000088324于2025-01-17向622202100000088325转账589366.79元，随后622202100000088325于2025-01-18向622202100000088326转账515695.94元，随后622202100000088326于2025-01-19向622202100000088327转账442025.09元，随后622202100000088327于2025-01-20向622202100000088324转账368354.24元，随后622202100000088324于2025-01-21向622202100000088326转账294683.39元，随后622202100000088325于2025-01-22向622202100000088327转账221012.55元。可复核逐笔流水为：TX-AML-HIST-005195-04-001（2025-01-17，622202100000088324向622202100000088325转账589366.79元）；TX-AML-HIST-005195-04-002（2025-01-18，622202100000088325向622202100000088326转账515695.94元）；TX-AML-HIST-005195-04-003（2025-01-19，622202100000088326向622202100000088327转账442025.09元）；TX-AML-HIST-005195-04-004（2025-01-20，622202100000088327向622202100000088324转账368354.24元）；TX-AML-HIST-005195-04-005（2025-01-21，622202100000088324向622202100000088326转账294683.39元）；TX-AML-HIST-005195-04-006（2025-01-22，622202100000088325向622202100000088327转账221012.55元）。多名交易对手转入的资金在短时间内由中转账户连续划出，期末余额接近零；结构化特征为资金停留时间、入账后转出比例和期末余额；累计金额2431138.00元，交易6笔，资金最长停留16小时，共同设备关联4个账户。证据方面，交易流水TX-AML-HIST-005195-04-001、TX-AML-HIST-005195-04-002、TX-AML-HIST-005195-04-003、TX-AML-HIST-005195-04-004、TX-AML-HIST-005195-04-005、TX-AML-HIST-005195-04-006可与账户开户资料、登录设备日志、付款用途及业务凭证逐项对应；其中TX-AML-HIST-005195-04-001至TX-AML-HIST-005195-04-006共同构成该模式的完整资金链。该模式单独统计、单独核验，不与其他模式合并计算。\n5. 尤志强控制的账户实施关联账户协同交易相关行为。该组事实对应关联账户协同交易，独立观察期间为2025-01-27至2025-01-31，独立涉及账户为622202100000088328（ACCT-HIST-005195-13）、622202100000088329（ACCT-HIST-005195-14）、622202100000088330（ACCT-HIST-005195-15），独立统计交易5笔、金额2448449.00元。行为链表现为：关联客户账户交叉收付并共同使用登录设备，形成协同资金链。具体顺序为：622202100000088328于2025-01-27向622202100000088329转账685565.72元，随后622202100000088329于2025-01-28向622202100000088330转账587627.76元，随后622202100000088330于2025-01-29向622202100000088328转账489689.80元，随后622202100000088328于2025-01-30向622202100000088330转账391751.84元，随后622202100000088329于2025-01-31向622202100000088328转账293813.88元。可复核逐笔流水为：TX-AML-HIST-005195-05-001（2025-01-27，622202100000088328向622202100000088329转账685565.72元）；TX-AML-HIST-005195-05-002（2025-01-28，622202100000088329向622202100000088330转账587627.76元）；TX-AML-HIST-005195-05-003（2025-01-29，622202100000088330向622202100000088328转账489689.80元）；TX-AML-HIST-005195-05-004（2025-01-30，622202100000088328向622202100000088330转账391751.84元）；TX-AML-HIST-005195-05-005（2025-01-31，622202100000088329向622202100000088328转账293813.88元）。多个关联账户使用相同设备与网络地址协同完成资金转移；结构化特征为共享设备账户数、共同网络地址和交叉交易次数；累计金额2448449.00元，交易5笔，资金最长停留17小时，共同设备关联5个账户。证据方面，交易流水TX-AML-HIST-005195-05-001、TX-AML-HIST-005195-05-002、TX-AML-HIST-005195-05-003、TX-AML-HIST-005195-05-004、TX-AML-HIST-005195-05-005可与账户开户资料、登录设备日志、付款用途及业务凭证逐项对应；其中TX-AML-HIST-005195-05-001至TX-AML-HIST-005195-05-005共同构成该模式的完整资金链。该模式单独统计、单独核验，不与其他模式合并计算。\n6. 钱雨桐控制的账户实施贴近报告阈值刻意规避相关行为。该组事实对应贴近报告阈值刻意规避，独立观察期间为2025-02-06至2025-02-09，独立涉及账户为622202100000088331（ACCT-HIST-005195-16）、622202100000088332（ACCT-HIST-005195-17），独立统计交易4笔、金额2465760.00元。行为链表现为：付款账户分笔向中转账户转账，再由中转账户统一划出。具体顺序为：622202100000088331于2025-02-06向622202100000088332转账821920.00元，随后622202100000088332于2025-02-07向622202100000088331转账684933.33元，随后622202100000088331于2025-02-08向622202100000088331转账547946.67元，随后622202100000088332于2025-02-09向622202100000088332转账410960.00元。可复核逐笔流水为：TX-AML-HIST-005195-06-001（2025-02-06，622202100000088331向622202100000088332转账821920.00元）；TX-AML-HIST-005195-06-002（2025-02-07，622202100000088332向622202100000088331转账684933.33元）；TX-AML-HIST-005195-06-003（2025-02-08，622202100000088331向622202100000088331转账547946.67元）；TX-AML-HIST-005195-06-004（2025-02-09，622202100000088332向622202100000088332转账410960.00元）。多笔交易金额持续贴近机构内部监测阈值且由同一控制网络操作；结构化特征为阈值附近交易笔数、时间间隔和共同控制信息；累计金额2465760.00元，交易4笔，资金最长停留18小时，共同设备关联2个账户。证据方面，交易流水TX-AML-HIST-005195-06-001、TX-AML-HIST-005195-06-002、TX-AML-HIST-005195-06-003、TX-AML-HIST-005195-06-004可与账户开户资料、登录设备日志、付款用途及业务凭证逐项对应；其中TX-AML-HIST-005195-06-001至TX-AML-HIST-005195-06-004共同构成该模式的完整资金链。该模式单独统计、单独核验，不与其他模式合并计算。\n\n2. 账号方向\n6组模式分别使用第1组账户622202100000088315、622202100000088316、622202100000088317、622202100000088318（2024-12-18至2024-12-20，2379205.00元）；第2组账户622202100000088319、622202100000088320、622202100000088321（2024-12-28至2025-01-04，2396516.00元）；第3组账户622202100000088322、622202100000088323（2025-01-07至2025-01-13，2413827.00元）；第4组账户622202100000088324、622202100000088325、622202100000088326、622202100000088327（2025-01-17至2025-01-22，2431138.00元）；第5组账户622202100000088328、622202100000088329、622202100000088330（2025-01-27至2025-01-31，2448449.00元）；第6组账户622202100000088331、622202100000088332（2025-02-06至2025-02-09，2465760.00元）。账户组之间不交叉代替，各组行为链均可由对应流水、开户资料和设备日志复核。账户间的频繁过渡和部分回流提示资金周转倾向，但账户实际控制关系仍需通过登录日志、柜面凭证和客户访谈确认。\n\n3. 交易对手方向\n1. 多人共用设备或IP对应交易对手包括瑞丰科技有限公司、华辰供应链有限公司、盛达咨询服务有限公司；涉及日期2024-12-18至2024-12-20，对应金额2379205.00元，需结合合同、发票、物流或服务成果核验交易背景。\n2. 跨境多层绕转对应交易对手包括华辰供应链有限公司、盛达咨询服务有限公司、恒信商贸有限公司、嘉禾物流有限公司、安泰工程有限公司、瑞丰科技有限公司；涉及日期2024-12-28至2025-01-04，对应金额2396516.00元，需结合合同、发票、物流或服务成果核验交易背景。\n3. 关联企业对开票虚假结算对应交易对手包括盛达咨询服务有限公司、恒信商贸有限公司、嘉禾物流有限公司、安泰工程有限公司、瑞丰科技有限公司、华辰供应链有限公司；涉及日期2025-01-07至2025-01-13，对应金额2413827.00元，需结合合同、发票、物流或服务成果核验交易背景。\n4. 资金快进快出对应交易对手包括恒信商贸有限公司、嘉禾物流有限公司、安泰工程有限公司、瑞丰科技有限公司、华辰供应链有限公司、盛达咨询服务有限公司；涉及日期2025-01-17至2025-01-22，对应金额2431138.00元，需结合合同、发票、物流或服务成果核验交易背景。\n5. 关联账户协同交易对应交易对手包括嘉禾物流有限公司、安泰工程有限公司、瑞丰科技有限公司、华辰供应链有限公司、盛达咨询服务有限公司；涉及日期2025-01-27至2025-01-31，对应金额2448449.00元，需结合合同、发票、物流或服务成果核验交易背景。\n6. 贴近报告阈值刻意规避对应交易对手包括安泰工程有限公司、瑞丰科技有限公司、华辰供应链有限公司、盛达咨询服务有限公司；涉及日期2025-02-06至2025-02-09，对应金额2465760.00元，需结合合同、发票、物流或服务成果核验交易背景。\n交易对手覆盖多个行业名称，单凭名称及交易次数不能认定其为空壳主体或异常对手；应逐户核验工商信息、合同履约、发票开具、物流轨迹、服务成果和最终受益人。\n\n4. 司法查询方向\n现有材料未提供司法查询、协查、冻结、止付或有权机关认定结果，因此本方向暂不作确定判断。后续如取得相关资料，应与本案逐笔流水、账户控制关系和交易用途分别核验，不得以单一查询结果替代完整事实审查。\n\n【四】综合分析\n有事实支持的风险指标包括：观察期内33笔逐笔流水及14534895.00元累计交易均可定位到具体账户；6组模式分别记录了日期、金额、行为链和证据链；夜间交易7笔；共享设备DEV-AML-HIST-005195-SHARED与多个账户存在关联。具有一定支持的候选疑点为资金归集后分散、关联账户过渡、异常公转私或回流等行为，具体对应多人共用设备或IP、跨境多层绕转、关联企业对开票虚假结算、资金快进快出、关联账户协同交易、贴近报告阈值刻意规避。当前不能确认相关资金具有违法来源，也不能排除项目结算、供应链付款、关联企业往来和短期经营周转等正常解释。关键数据缺口包括完整账户余额序列、合同发票原件、物流或服务成果、客户历史基线、交易对手尽调、设备实际使用人和外部调查反馈。建议逐笔核验本报告列明的流水，分别复核每组模式的账户、日期、金额和行为链，补充增强尽职调查材料，并将核验结果提交有权审批岗复核。""}","[{""entity_id"":""ACCT-HIST-005195-00"",""account_type"":""对公基本存款账户"",""holder_name"":""杨欣怡"",""holder_id_type"":""居民身份证"",""holder_id_number"":""610120015056241"",""account_open_date"":""2023-10-25"",""account_close_date"":"""",""account_number"":""622202100000088315"",""bank_card_type"":""单位结算卡"",""bank_card_number"":""622202100000088315"",""institution"":""中国邮政储蓄银行武汉市西湖支行"",""bank_info"":""中国邮政储蓄银行武汉市西湖支行""},{""entity_id"":""ACCT-HIST-005195-01"",""account_type"":""个人活期结算账户"",""holder_name"":""尤志强"",""holder_id_type"":""居民身份证"",""holder_id_number"":""610120025073332"",""account_open_date"":""2023-11-03"",""account_close_date"":"""",""account_number"":""622202100000088316"",""bank_card_type"":""借记卡"",""bank_card_number"":""622202100000088316"",""institution"":""中国邮政储蓄银行武汉市高新支行"",""bank_info"":""中国邮政储蓄银行武汉市高新支行""},{""entity_id"":""ACCT-HIST-005195-02"",""account_type"":""个人活期结算账户"",""holder_name"":""钱雨桐"",""holder_id_type"":""居民身份证"",""holder_id_number"":""610120035090423"",""account_open_date"":""2023-11-12"",""account_close_date"":"""",""account_number"":""622202100000088317"",""bank_card_type"":""借记卡"",""bank_card_number"":""622202100000088317"",""institution"":""中国邮政储蓄银行武汉市曲江支行"",""bank_info"":""中国邮政储蓄银行武汉市曲江支行""},{""entity_id"":""ACCT-HIST-005195-03"",""account_type"":""对公基本存款账户"",""holder_name"":""杨欣怡"",""holder_id_type"":""居民身份证"",""holder_id_number"":""610120015056241"",""account_open_date"":""2023-11-21"",""account_close_date"":"""",""account_number"":""622202100000088318"",""bank_card_type"":""单位结算卡"",""bank_card_number"":""622202100000088318"",""institution"":""中国邮政储蓄银行武汉市渝中支行"",""bank_info"":""中国邮政储蓄银行武汉市渝中支行""},{""entity_id"":""ACCT-HIST-005195-04"",""account_type"":""个人活期结算账户"",""holder_name"":""尤志强"",""holder_id_type"":""居民身份证"",""holder_id_number"":""610120025073332"",""account_open_date"":""2023-11-30"",""account_close_date"":"""",""account_number"":""622202100000088319"",""bank_card_type"":""借记卡"",""bank_card_number"":""622202100000088319"",""institution"":""中国邮政储蓄银行武汉市武昌支行"",""bank_info"":""中国邮政储蓄银行武汉市武昌支行""},{""entity_id"":""ACCT-HIST-005195-05"",""account_type"":""个人活期结算账户"",""holder_name"":""钱雨桐"",""holder_id_type"":""居民身份证"",""holder_id_number"":""610120035090423"",""account_open_date"":""2023-12-09"",""account_close_date"":"""",""account_number"":""622202100000088320"",""bank_card_type"":""借记卡"",""bank_card_number"":""622202100000088320"",""institution"":""中国邮政储蓄银行武汉市锦江支行"",""bank_info"":""中国邮政储蓄银行武汉市锦江支行""},{""entity_id"":""ACCT-HIST-005195-06"",""account_type"":""对公基本存款账户"",""holder_name"":""杨欣怡"",""holder_id_type"":""居民身份证"",""holder_id_number"":""610120015056241"",""account_open_date"":""2023-12-18"",""account_close_date"":"""",""account_number"":""622202100000088321"",""bank_card_type"":""单位结算卡"",""bank_card_number"":""622202100000088321"",""institution"":""中国邮政储蓄银行武汉市西湖支行"",""bank_info"":""中国邮政储蓄银行武汉市西湖支行""},{""entity_id"":""ACCT-HIST-005195-07"",""account_type"":""个人活期结算账户"",""holder_name"":""尤志强"",""holder_id_type"":""居民身份证"",""holder_id_number"":""610120025073332"",""account_open_date"":""2023-12-27"",""account_close_date"":"""",""account_number"":""622202100000088322"",""bank_card_type"":""借记卡"",""bank_card_number"":""622202100000088322"",""institution"":""中国邮政储蓄银行武汉市高新支行"",""bank_info"":""中国邮政储蓄银行武汉市高新支行""},{""entity_id"":""ACCT-HIST-005195-08"",""account_type"":""个人活期结算账户"",""holder_name"":""钱雨桐"",""holder_id_type"":""居民身份证"",""holder_id_number"":""610120035090423"",""account_open_date"":""2024-01-05"",""account_close_date"":"""",""account_number"":""622202100000088323"",""bank_card_type"":""借记卡"",""bank_card_number"":""622202100000088323"",""institution"":""中国邮政储蓄银行武汉市曲江支行"",""bank_info"":""中国邮政储蓄银行武汉市曲江支行""},{""entity_id"":""ACCT-HIST-005195-09"",""account_type"":""对公基本存款账户"",""holder_name"":""杨欣怡"",""holder_id_type"":""居民身份证"",""holder_id_number"":""610120015056241"",""account_open_date"":""2024-01-14"",""account_close_date"":"""",""account_number"":""622202100000088324"",""bank_card_type"":""单位结算卡"",""bank_card_number"":""622202100000088324"",""institution"":""中国邮政储蓄银行武汉市渝中支行"",""bank_info"":""中国邮政储蓄银行武汉市渝中支行""},{""entity_id"":""ACCT-HIST-005195-10"",""account_type"":""个人活期结算账户"",""holder_name"":""尤志强"",""holder_id_type"":""居民身份证"",""holder_id_number"":""610120025073332"",""account_open_date"":""2024-01-23"",""account_close_date"":"""",""account_number"":""622202100000088325"",""bank_card_type"":""借记卡"",""bank_card_number"":""622202100000088325"",""institution"":""中国邮政储蓄银行武汉市武昌支行"",""bank_info"":""中国邮政储蓄银行武汉市武昌支行""},{""entity_id"":""ACCT-HIST-005195-11"",""account_type"":""个人活期结算账户"",""holder_name"":""钱雨桐"",""holder_id_type"":""居民身份证"",""holder_id_number"":""610120035090423"",""account_open_date"":""2024-02-01"",""account_close_date"":"""",""account_number"":""622202100000088326"",""bank_card_type"":""借记卡"",""bank_card_number"":""622202100000088326"",""institution"":""中国邮政储蓄银行武汉市锦江支行"",""bank_info"":""中国邮政储蓄银行武汉市锦江支行""},{""entity_id"":""ACCT-HIST-005195-12"",""account_type"":""对公基本存款账户"",""holder_name"":""杨欣怡"",""holder_id_type"":""居民身份证"",""holder_id_number"":""610120015056241"",""account_open_date"":""2024-02-10"",""account_close_date"":"""",""account_number"":""622202100000088327"",""bank_card_type"":""单位结算卡"",""bank_card_number"":""622202100000088327"",""institution"":""中国邮政储蓄银行武汉市西湖支行"",""bank_info"":""中国邮政储蓄银行武汉市西湖支行""},{""entity_id"":""ACCT-HIST-005195-13"",""account_type"":""个人活期结算账户"",""holder_name"":""尤志强"",""holder_id_type"":""居民身份证"",""holder_id_number"":""610120025073332"",""account_open_date"":""2024-02-19"",""account_close_date"":"""",""account_number"":""622202100000088328"",""bank_card_type"":""借记卡"",""bank_card_number"":""622202100000088328"",""institution"":""中国邮政储蓄银行武汉市高新支行"",""bank_info"":""中国邮政储蓄银行武汉市高新支行""},{""entity_id"":""ACCT-HIST-005195-14"",""account_type"":""个人活期结算账户"",""holder_name"":""钱雨桐"",""holder_id_type"":""居民身份证"",""holder_id_number"":""610120035090423"",""account_open_date"":""2024-02-28"",""account_close_date"":"""",""account_number"":""622202100000088329"",""bank_card_type"":""借记卡"",""bank_card_number"":""622202100000088329"",""institution"":""中国邮政储蓄银行武汉市曲江支行"",""bank_info"":""中国邮政储蓄银行武汉市曲江支行""},{""entity_id"":""ACCT-HIST-005195-15"",""account_type"":""对公基本存款账户"",""holder_name"":""杨欣怡"",""holder_id_type"":""居民身份证"",""holder_id_number"":""610120015056241"",""account_open_date"":""2024-03-08"",""account_close_date"":"""",""account_number"":""622202100000088330"",""bank_card_type"":""单位结算卡"",""bank_card_number"":""622202100000088330"",""institution"":""中国邮政储蓄银行武汉市渝中支行"",""bank_info"":""中国邮政储蓄银行武汉市渝中支行""},{""entity_id"":""ACCT-HIST-005195-16"",""account_type"":""个人活期结算账户"",""holder_name"":""尤志强"",""holder_id_type"":""居民身份证"",""holder_id_number"":""610120025073332"",""account_open_date"":""2024-03-17"",""account_close_date"":"""",""account_number"":""622202100000088331"",""bank_card_type"":""借记卡"",""bank_card_number"":""622202100000088331"",""institution"":""中国邮政储蓄银行武汉市武昌支行"",""bank_info"":""中国邮政储蓄银行武汉市武昌支行""},{""entity_id"":""ACCT-HIST-005195-17"",""account_type"":""个人活期结算账户"",""holder_name"":""钱雨桐"",""holder_id_type"":""居民身份证"",""holder_id_number"":""610120035090423"",""account_open_date"":""2024-03-26"",""account_close_date"":"""",""account_number"":""622202100000088332"",""bank_card_type"":""借记卡"",""bank_card_number"":""622202100000088332"",""institution"":""中国邮政储蓄银行武汉市锦江支行"",""bank_info"":""中国邮政储蓄银行武汉市锦江支行""}]","[]"
